1 0.622 0.563 0.622 0.564 0.621 0.564 0.621 0.564 0.621 0.572 0.621 0.572 0.622 0.572 0.622 0.573 0.623 0.573 0.623 0.573 0.632 0.573 0.632 0.564 0.632 0.564 0.632 0.563
1 0.571 0.762 0.571 0.763 0.571 0.763 0.571 0.763 0.571 0.764 0.57 0.764 0.57 0.779 0.571 0.779 0.571 0.779 0.576 0.779 0.577 0.779 0.577 0.763 0.576 0.763 0.576 0.762
1 0.734 0.529 0.734 0.529 0.734 0.53 0.733 0.53 0.733 0.541 0.734 0.542 0.747 0.542 0.747 0.542 0.748 0.541 0.748 0.531 0.748 0.531 0.747 0.53 0.747 0.529
1 0.668 0.538 0.668 0.539 0.668 0.539 0.668 0.551 0.682 0.551 0.682 0.538
1 0.692 0.531 0.692 0.532 0.691 0.532 0.691 0.532 0.691 0.546 0.691 0.546 0.692 0.547 0.692 0.547 0.692 0.548 0.695 0.548 0.696 0.547 0.697 0.547 0.697 0.547 0.697 0.546 0.697 0.546 0.698 0.546 0.698 0.532 0.697 0.532 0.696 0.532 0.696 0.531
1 0.559 0.75 0.559 0.751 0.555 0.751 0.555 0.751 0.552 0.751 0.552 0.752 0.552 0.752 0.551 0.753 0.551 0.763 0.551 0.763 0.551 0.764 0.551 0.765 0.551 0.765 0.551 0.766 0.551 0.768 0.551 0.769 0.551 0.776 0.551 0.776 0.551 0.779 0.551 0.779 0.551 0.78 0.551 0.784 0.552 0.786 0.552 0.785 0.553 0.785 0.554 0.786 0.557 0.786 0.557 0.785 0.559 0.785 0.559 0.786 0.561 0.786 0.561 0.785 0.562 0.785 0.562 0.785 0.562 0.783 0.563 0.783 0.563 0.77 0.563 0.769 0.563 0.769 0.563 0.768 0.563 0.757 0.563 0.757 0.563 0.756 0.562 0.755 0.562 0.752 0.562 0.752 0.562 0.752 0.561 0.752 0.561 0.751 0.56 0.751 0.56 0.75
1 0.519 0.766 0.519 0.766 0.519 0.767 0.518 0.767 0.518 0.781 0.519 0.781 0.519 0.781 0.519 0.782 0.525 0.782 0.525 0.766
1 0.539 0.672 0.539 0.673 0.538 0.674 0.538 0.683 0.538 0.683 0.538 0.69 0.539 0.69 0.539 0.69 0.539 0.692 0.547 0.692 0.547 0.673 0.546 0.672 0.546 0.672
1 0.522 0.672 0.522 0.672 0.522 0.673 0.521 0.673 0.521 0.673 0.521 0.674 0.521 0.681 0.52 0.681 0.521 0.682 0.521 0.682 0.521 0.683 0.521 0.683 0.521 0.692 0.521 0.692 0.522 0.692 0.522 0.692 0.524 0.692 0.524 0.693 0.526 0.693 0.526 0.693 0.529 0.693 0.529 0.692 0.529 0.692 0.53 0.692 0.53 0.692 0.53 0.689 0.53 0.688 0.53 0.681 0.53 0.68 0.53 0.673 0.53 0.673 0.529 0.672 0.529 0.672
1 0.556 0.633 0.556 0.633 0.556 0.634 0.555 0.634 0.555 0.634 0.555 0.635 0.555 0.649 0.561 0.649 0.561 0.634 0.56 0.633
2 0.715 0.577 0.715 0.577 0.707 0.577 0.706 0.578 0.706 0.578 0.705 0.579 0.705 0.579 0.705 0.578 0.704 0.578 0.704 0.578 0.702 0.578 0.702 0.578 0.702 0.578 0.701 0.578 0.7 0.578 0.7 0.578 0.7 0.578 0.699 0.578 0.699 0.578 0.698 0.578 0.693 0.578 0.693 0.578 0.692 0.578 0.692 0.578 0.689 0.578 0.688 0.578 0.686 0.578 0.686 0.578 0.679 0.578 0.679 0.578 0.677 0.578 0.677 0.578 0.677 0.578 0.671 0.578 0.671 0.578 0.67 0.578 0.669 0.579 0.668 0.579 0.668 0.578 0.667 0.578 0.667 0.578 0.665 0.578 0.665 0.578 0.661 0.578 0.661 0.577 0.66 0.577 0.66 0.578 0.656 0.578 0.655 0.579 0.655 0.578 0.654 0.578 0.654 0.578 0.654 0.578 0.652 0.578 0.652 0.577 0.652 0.578 0.651 0.578 0.647 0.578 0.647 0.581 0.651 0.581 0.652 0.581 0.657 0.581 0.657 0.581 0.658 0.581 0.659 0.582 0.659 0.583 0.658 0.583 0.656 0.583 0.655 0.583 0.649 0.583 0.649 0.584 0.647 0.584 0.648 0.584 0.648 0.586 0.651 0.586 0.652 0.587 0.652 0.587 0.653 0.586 0.655 0.586 0.656 0.586 0.656 0.586 0.658 0.586 0.659 0.587 0.659 0.588 0.658 0.588 0.658 0.588 0.657 0.589 0.656 0.589 0.656 0.589 0.654 0.589 0.654 0.589 0.653 0.589 0.652 0.589 0.652 0.589 0.652 0.589 0.651 0.589 0.647 0.589 0.647 0.592 0.653 0.592 0.653 0.592 0.653 0.592 0.654 0.592 0.654 0.592 0.655 0.592 0.656 0.592 0.656 0.591 0.656 0.592 0.658 0.592 0.659 0.593 0.659 0.593 0.658 0.594 0.657 0.594 0.656 0.595 0.654 0.595 0.654 0.594 0.652 0.594 0.652 0.595 0.651 0.595 0.647 0.595 0.647 0.597 0.658 0.597 0.659 0.598 0.659 0.599 0.658 0.599 0.658 0.599 0.658 0.6 0.656 0.6 0.656 0.6 0.656 0.6 0.655 0.6 0.653 0.6 0.652 0.6 0.647 0.6 0.647 0.603 0.652 0.603 0.652 0.603 0.656 0.603 0.657 0.603 0.659 0.603 0.659 0.603 0.659 0.605 0.659 0.606 0.65 0.606 0.65 0.605 0.647 0.605 0.647 0.608 0.654 0.608 0.655 0.609 0.655 0.608 0.657 0.608 0.658 0.609 0.658 0.608 0.658 0.609 0.659 0.609 0.659 0.609 0.659 0.609 0.659 0.61 0.658 0.61 0.658 0.61 0.657 0.61 0.656 0.611 0.656 0.611 0.656 0.611 0.655 0.611 0.655 0.611 0.655 0.611 0.654 0.61 0.652 0.61 0.652 0.611 0.652 0.611 0.647 0.611 0.647 0.614 0.653 0.614 0.654 0.613 0.658 0.613 0.659 0.614 0.659 0.615 0.658 0.616 0.658 0.616 0.657 0.616 0.647 0.616 0.647 0.619 0.649 0.619 0.649 0.619 0.658 0.619 0.659 0.619 0.659 0.622 0.658 0.622 0.654 0.622 0.654 0.622 0.653 0.622 0.652 0.622 0.647 0.622 0.647 0.624 0.658 0.624 0.659 0.625 0.659 0.627 0.658 0.628 0.647 0.628 0.647 0.629 0.647 0.629 0.652 0.629 0.652 0.63 0.657 0.63 0.657 0.629 0.658 0.629 0.659 0.63 0.659 0.632 0.658 0.633 0.655 0.633 0.655 0.633 0.654 0.633 0.653 0.633 0.647 0.633 0.647 0.635 0.659 0.635 0.659 0.636 0.659 0.637 0.659 0.638 0.656 0.638 0.656 0.638 0.652 0.638 0.652 0.639 0.647 0.639 0.647 0.641 0.654 0.641 0.654 0.641 0.658 0.641 0.659 0.641 0.659 0.641 0.659 0.642 0.659 0.643 0.659 0.644 0.647 0.644 0.647 0.647 0.648 0.647 0.648 0.647 0.654 0.647 0.654 0.646 0.659 0.646 0.659 0.647 0.659 0.648 0.659 0.649 0.658 0.649 0.658 0.649 0.652 0.649 0.652 0.65 0.648 0.65 0.648 0.652 0.649 0.652 0.649 0.652 0.659 0.652 0.659 0.652 0.659 0.654 0.659 0.654 0.653 0.654 0.653 0.655 0.647 0.655 0.647 0.657 0.658 0.657 0.659 0.658 0.659 0.66 0.658 0.66 0.647 0.66 0.647 0.662 0.652 0.662 0.653 0.663 0.657 0.663 0.657 0.662 0.659 0.662 0.659 0.663 0.659 0.665 0.659 0.666 0.655 0.666 0.655 0.666 0.653 0.666 0.653 0.666 0.647 0.666 0.647 0.668 0.659 0.668 0.659 0.668 0.659 0.67 0.659 0.671 0.656 0.671 0.656 0.671 0.647 0.671 0.647 0.674 0.653 0.674 0.653 0.673 0.659 0.673 0.659 0.674 0.659 0.676 0.659 0.677 0.653 0.677 0.652 0.676 0.647 0.676 0.647 0.68 0.648 0.68 0.648 0.679 0.652 0.679 0.652 0.679 0.653 0.679 0.659 0.679 0.659 0.679 0.659 0.682 0.659 0.682 0.653 0.682 0.652 0.682 0.648 0.682 0.648 0.685 0.649 0.685 0.649 0.685 0.655 0.685 0.655 0.684 0.659 0.684 0.659 0.685 0.659 0.687 0.659 0.687 0.647 0.687 0.647 0.691 0.652 0.691 0.652 0.69 0.653 0.69 0.659 0.69 0.659 0.69 0.659 0.692 0.659 0.692 0.653 0.692 0.653 0.693 0.653 0.692 0.647 0.692 0.647 0.693 0.647 0.696 0.65 0.696 0.65 0.696 0.656 0.696 0.656 0.695 0.658 0.695 0.659 0.696 0.659 0.698 0.658 0.698 0.649 0.698 0.648 0.699 0.647 0.699 0.647 0.701 0.652 0.701 0.652 0.701 0.653 0.7 0.659 0.7 0.659 0.701 0.659 0.703 0.659 0.704 0.647 0.704 0.647 0.706 0.652 0.706 0.652 0.707 0.657 0.707 0.657 0.706 0.658 0.706 0.659 0.707 0.659 0.708 0.658 0.709 0.656 0.709 0.655 0.709 0.647 0.709 0.647 0.712 0.653 0.712 0.653 0.712 0.658 0.712 0.658 0.712 0.659 0.712 0.659 0.712 0.659 0.714 0.659 0.714 0.653 0.714 0.652 0.715 0.647 0.715 0.647 0.718 0.658 0.718 0.659 0.718 0.659 0.719 0.658 0.72 0.657 0.72 0.656 0.72 0.65 0.72 0.65 0.721 0.647 0.721 0.647 0.723 0.648 0.723 0.648 0.723 0.654 0.723 0.654 0.722 0.659 0.722 0.659 0.723 0.659 0.725 0.659 0.726 0.647 0.726 0.647 0.728 0.658 0.728 0.659 0.729 0.659 0.73 0.659 0.73 0.659 0.729 0.66 0.728 0.66 0.728 0.66 0.727 0.669 0.727 0.67 0.728 0.67 0.727 0.684 0.727 0.684 0.727 0.684 0.727 0.688 0.727 0.689 0.728 0.689 0.728 0.689 0.727 0.695 0.727 0.696 0.727 0.696 0.727 0.696 0.727 0.699 0.727 0.7 0.727 0.706 0.727 0.706 0.727 0.711 0.727 0.711 0.728 0.718 0.728 0.718 0.726 0.714 0.726 0.713 0.725 0.713 0.724 0.709 0.724 0.709 0.725 0.708 0.725 0.707 0.724 0.707 0.722 0.708 0.722 0.712 0.722 0.712 0.722 0.717 0.722 0.718 0.722 0.718 0.72 0.714 0.72 0.713 0.72 0.707 0.72 0.707 0.719 0.707 0.717 0.707 0.717 0.718 0.717 0.718 0.714 0.714 0.714 0.714 0.714 0.708 0.714 0.707 0.714 0.707 0.712 0.708 0.712 0.713 0.712 0.713 0.711 0.716 0.711 0.717 0.711 0.719 0.711 0.719 0.709 0.713 0.709 0.713 0.709 0.708 0.709 0.707 0.709 0.707 0.706 0.708 0.706 0.719 0.706 0.719 0.703 0.718 0.703 0.718 0.704 0.708 0.704 0.707 0.703 0.707 0.701 0.708 0.7 0.709 0.7 0.709 0.7 0.712 0.7 0.712 0.7 0.718 0.7 0.718 0.698 0.707 0.698 0.707 0.697 0.707 0.696 0.707 0.695 0.708 0.695 0.708 0.695 0.718 0.695 0.718 0.692 0.717 0.692 0.717 0.692 0.711 0.692 0.711 0.693 0.708 0.693 0.707 0.692 0.707 0.69 0.708 0.69 0.713 0.69 0.714 0.689 0.718 0.689 0.718 0.687 0.716 0.687 0.716 0.687 0.708 0.687 0.707 0.687 0.707 0.685 0.708 0.684 0.712 0.684 0.712 0.685 0.712 0.685 0.713 0.684 0.718 0.684 0.718 0.682 0.714 0.682 0.713 0.681 0.71 0.681 0.709 0.682 0.708 0.682 0.707 0.681 0.707 0.679 0.708 0.679 0.713 0.679 0.714 0.678 0.718 0.678 0.718 0.676 0.708 0.676 0.707 0.675 0.707 0.673 0.708 0.673 0.712 0.673 0.712 0.673 0.712 0.673 0.718 0.673 0.718 0.671 0.708 0.671 0.707 0.67 0.707 0.668 0.708 0.667 0.712 0.667 0.712 0.668 0.716 0.668 0.716 0.667 0.719 0.667 0.719 0.665 0.708 0.665 0.707 0.665 0.707 0.663 0.708 0.662 0.709 0.662 0.71 0.662 0.712 0.662 0.712 0.662 0.718 0.662 0.718 0.66 0.708 0.66 0.707 0.66 0.707 0.658 0.708 0.657 0.708 0.657 0.708 0.657 0.712 0.657 0.712 0.657 0.718 0.657 0.718 0.654 0.717 0.654 0.717 0.654 0.708 0.654 0.707 0.654 0.707 0.652 0.708 0.651 0.713 0.651 0.713 0.651 0.718 0.651 0.718 0.649 0.708 0.649 0.707 0.648 0.707 0.647 0.708 0.646 0.714 0.646 0.714 0.646 0.718 0.646 0.718 0.643 0.715 0.643 0.715 0.643 0.714 0.643 0.714 0.643 0.708 0.643 0.708 0.642 0.708 0.641 0.708 0.641 0.718 0.641 0.718 0.638 0.714 0.638 0.714 0.638 0.713 0.638 0.713 0.637 0.708 0.637 0.708 0.638 0.708 0.638 0.708 0.637 0.708 0.635 0.708 0.635 0.712 0.635 0.712 0.635 0.718 0.635 0.718 0.632 0.713 0.632 0.713 0.632 0.708 0.632 0.708 0.632 0.708 0.63 0.708 0.63 0.715 0.63 0.715 0.629 0.718 0.629 0.718 0.626 0.712 0.626 0.712 0.627 0.712 0.627 0.708 0.627 0.707 0.627 0.707 0.625 0.708 0.624 0.708 0.624 0.708 0.624 0.719 0.624 0.719 0.622 0.711 0.622 0.71 0.622 0.708 0.622 0.707 0.622 0.707 0.619 0.708 0.618 0.713 0.618 0.713 0.619 0.719 0.619 0.719 0.616 0.715 0.616 0.715 0.616 0.714 0.616 0.713 0.616 0.708 0.616 0.708 0.615 0.708 0.615 0.707 0.614 0.707 0.614 0.708 0.613 0.717 0.613 0.718 0.613 0.718 0.613 0.718 0.61 0.715 0.61 0.714 0.61 0.714 0.61 0.714 0.61 0.708 0.61 0.707 0.609 0.707 0.608 0.708 0.607 0.712 0.607 0.713 0.608 0.719 0.608 0.719 0.606 0.714 0.606 0.714 0.605 0.714 0.605 0.713 0.605 0.713 0.605 0.708 0.605 0.707 0.605 0.707 0.603 0.708 0.603 0.709 0.603 0.709 0.602 0.718 0.602 0.718 0.599 0.718 0.599 0.717 0.6 0.714 0.6 0.713 0.599 0.708 0.599 0.708 0.599 0.708 0.597 0.708 0.597 0.713 0.597 0.714 0.596 0.718 0.596 0.718 0.595 0.718 0.595 0.718 0.593 0.717 0.593 0.717 0.594 0.707 0.594 0.707 0.593 0.707 0.591 0.707 0.591 0.718 0.591 0.718 0.589 0.714 0.589 0.713 0.588 0.707 0.588 0.707 0.588 0.707 0.586 0.707 0.585 0.712 0.585 0.713 0.586 0.713 0.586 0.716 0.586 0.717 0.586 0.718 0.586 0.718 0.583 0.708 0.583 0.708 0.583 0.707 0.583 0.707 0.583 0.707 0.58 0.707 0.58 0.71 0.58 0.71 0.579 0.713 0.579 0.713 0.58 0.713 0.58 0.715 0.58 0.716 0.58 0.719 0.58 0.719 0.577
3 0.602 0.71 0.602 0.712 0.601 0.713 0.6 0.713 0.6 0.714 0.6 0.716 0.6 0.716 0.6 0.718 0.6 0.718 0.6 0.722 0.599 0.723 0.599 0.723 0.598 0.723 0.598 0.729 0.601 0.729 0.601 0.724 0.602 0.724 0.602 0.724 0.602 0.723 0.603 0.723 0.603 0.723 0.603 0.722 0.605 0.722 0.605 0.723 0.605 0.723 0.606 0.723 0.606 0.729 0.608 0.729 0.608 0.728 0.609 0.728 0.609 0.724 0.61 0.724 0.61 0.724 0.61 0.721 0.61 0.721 0.61 0.72 0.61 0.713 0.605 0.713 0.605 0.713 0.605 0.71
3 0.62 0.772 0.62 0.774 0.619 0.775 0.618 0.775 0.617 0.775 0.614 0.775 0.614 0.782 0.615 0.782 0.616 0.783 0.616 0.786 0.617 0.786 0.617 0.783 0.618 0.783 0.618 0.783 0.618 0.782 0.618 0.782 0.623 0.782 0.624 0.782 0.624 0.786 0.625 0.786 0.625 0.782 0.625 0.782 0.625 0.782 0.625 0.775 0.622 0.775 0.621 0.775 0.621 0.772
0 0.662 0.773 0.662 0.773 0.644 0.773 0.644 0.774 0.643 0.774 0.643 0.774 0.643 0.775 0.643 0.776 0.643 0.776 0.643 0.78 0.643 0.78 0.644 0.781 0.644 0.781 0.643 0.782 0.643 0.782 0.643 0.783 0.643 0.783 0.643 0.784 0.643 0.789 0.644 0.79 0.651 0.79 0.652 0.789 0.652 0.789 0.652 0.79 0.653 0.79 0.654 0.789 0.654 0.79 0.655 0.79 0.655 0.79 0.655 0.79 0.656 0.79 0.656 0.79 0.656 0.791 0.661 0.791 0.661 0.79 0.661 0.79 0.661 0.79 0.661 0.789 0.662 0.789 0.662 0.79 0.662 0.79 0.663 0.789 0.663 0.79 0.665 0.79 0.665 0.789 0.666 0.789 0.666 0.775 0.665 0.774 0.664 0.774 0.664 0.773 0.664 0.773
0 0.713 0.779 0.712 0.78 0.712 0.78 0.712 0.78 0.712 0.788 0.723 0.788 0.723 0.787 0.724 0.787 0.724 0.785 0.724 0.785 0.724 0.784 0.724 0.784 0.723 0.783 0.723 0.779
0 0.712 0.763 0.712 0.772 0.723 0.772 0.723 0.763
0 0.532 0.761 0.532 0.773 0.533 0.774 0.533 0.782 0.542 0.782 0.542 0.773 0.542 0.772 0.542 0.761
1 0.468 0.72 0.468 0.722 0.468 0.722 0.468 0.723 0.468 0.724 0.468 0.729 0.479 0.729 0.479 0.729 0.479 0.729 0.479 0.722 0.479 0.721 0.479 0.721 0.478 0.721 0.478 0.72
1 0.469 0.737 0.469 0.738 0.468 0.738 0.468 0.745 0.469 0.745 0.469 0.745 0.479 0.745 0.479 0.745 0.479 0.745 0.479 0.738 0.479 0.737 0.479 0.737
1 0.469 0.754 0.469 0.755 0.469 0.756 0.469 0.758 0.468 0.759 0.468 0.761 0.469 0.762 0.469 0.766 0.469 0.767 0.482 0.767 0.482 0.766 0.482 0.766 0.482 0.764 0.482 0.763 0.482 0.763 0.482 0.763 0.482 0.762 0.482 0.761 0.482 0.76 0.482 0.76 0.482 0.757 0.482 0.757 0.482 0.756 0.482 0.755 0.482 0.755 0.482 0.754 0.482 0.754
0 0.47 0.781 0.47 0.781 0.47 0.782 0.47 0.782 0.47 0.789 0.47 0.79 0.481 0.79 0.481 0.789 0.481 0.788 0.482 0.787 0.482 0.782 0.481 0.782 0.481 0.781 0.481 0.781
1 0.453 0.764 0.453 0.764 0.452 0.764 0.452 0.774 0.452 0.774 0.452 0.775 0.452 0.775 0.452 0.782 0.452 0.783 0.452 0.784 0.453 0.785 0.454 0.785 0.454 0.785 0.457 0.785 0.457 0.785 0.459 0.785 0.459 0.784 0.46 0.784 0.461 0.783 0.461 0.776 0.461 0.776 0.461 0.767 0.46 0.766 0.46 0.764
1 0.441 0.769 0.441 0.769 0.441 0.774 0.441 0.775 0.441 0.784 0.442 0.784 0.442 0.785 0.442 0.786 0.443 0.786 0.443 0.786 0.445 0.786 0.445 0.786 0.446 0.786 0.446 0.785 0.446 0.785 0.447 0.784 0.447 0.773 0.447 0.772 0.447 0.77 0.446 0.77 0.446 0.769
1 0.429 0.769 0.429 0.769 0.429 0.77 0.429 0.77 0.429 0.785 0.429 0.786 0.434 0.786 0.434 0.785 0.434 0.785 0.434 0.782 0.435 0.782 0.435 0.769 0.434 0.769 0.434 0.769
1 0.417 0.759 0.417 0.76 0.417 0.761 0.417 0.762 0.417 0.763 0.417 0.772 0.418 0.772 0.418 0.774 0.417 0.775 0.423 0.775 0.423 0.774 0.423 0.774 0.423 0.771 0.423 0.77 0.423 0.762 0.423 0.761 0.423 0.759
1 0.35 0.673 0.35 0.675 0.349 0.676 0.349 0.681 0.349 0.682 0.349 0.688 0.35 0.688 0.35 0.689 0.354 0.689 0.355 0.688 0.355 0.688 0.355 0.687 0.355 0.687 0.355 0.673
1 0.347 0.699 0.347 0.707 0.357 0.707 0.357 0.7 0.357 0.699
1 0.348 0.726 0.348 0.727 0.347 0.728 0.347 0.728 0.347 0.729 0.347 0.73 0.347 0.734 0.347 0.734 0.347 0.735 0.358 0.735 0.358 0.733 0.358 0.733 0.358 0.726
1 0.346 0.746 0.346 0.748 0.346 0.749 0.345 0.749 0.345 0.758 0.346 0.759 0.359 0.759 0.359 0.759 0.359 0.757 0.36 0.756 0.36 0.751 0.359 0.75 0.359 0.748 0.359 0.748 0.359 0.747 0.359 0.746
0 0.317 0.769 0.317 0.787 0.317 0.787 0.322 0.787 0.323 0.786 0.323 0.785 0.323 0.785 0.323 0.782 0.323 0.782 0.323 0.77 0.323 0.769
0 0.329 0.77 0.329 0.777 0.328 0.778 0.328 0.779 0.329 0.779 0.329 0.786 0.329 0.787 0.33 0.787 0.33 0.787 0.331 0.787 0.331 0.787 0.335 0.787 0.335 0.772 0.334 0.771 0.334 0.77
0 0.342 0.77 0.342 0.77 0.342 0.77 0.342 0.773 0.342 0.773 0.342 0.781 0.342 0.781 0.342 0.786 0.342 0.787 0.348 0.787 0.348 0.786 0.348 0.779 0.348 0.778 0.348 0.777 0.348 0.777 0.348 0.77
1 0.297 0.774 0.297 0.775 0.297 0.782 0.297 0.783 0.306 0.783 0.306 0.782 0.306 0.783 0.307 0.783 0.307 0.782 0.308 0.782 0.308 0.778 0.308 0.777 0.308 0.776 0.308 0.775 0.308 0.774
0 0.268 0.757 0.267 0.758 0.266 0.758 0.266 0.762 0.267 0.762 0.267 0.771 0.269 0.771 0.27 0.771 0.271 0.771 0.271 0.771 0.281 0.771 0.281 0.765 0.281 0.764 0.281 0.758 0.28 0.758 0.28 0.758 0.28 0.758 0.28 0.757
0 0.267 0.735 0.267 0.736 0.267 0.736 0.266 0.736 0.266 0.74 0.266 0.741 0.266 0.743 0.266 0.743 0.266 0.75 0.269 0.75 0.27 0.749 0.277 0.749 0.278 0.75 0.281 0.75 0.281 0.746 0.28 0.745 0.28 0.744 0.281 0.744 0.281 0.736 0.28 0.736 0.28 0.735
0 0.293 0.702 0.293 0.703 0.293 0.711 0.293 0.711 0.293 0.711 0.302 0.711 0.303 0.711 0.304 0.711 0.304 0.703 0.304 0.702
0 0.293 0.686 0.293 0.686 0.293 0.694 0.293 0.694 0.303 0.694 0.304 0.694 0.304 0.687 0.304 0.686 0.304 0.686 0.304 0.686 0.303 0.686
0 0.293 0.669 0.292 0.669 0.292 0.671 0.292 0.672 0.292 0.673 0.292 0.673 0.292 0.677 0.304 0.677 0.304 0.669
0 0.292 0.653 0.292 0.66 0.292 0.661 0.303 0.661 0.303 0.66 0.303 0.653
0 0.294 0.635 0.294 0.636 0.292 0.636 0.292 0.637 0.292 0.638 0.292 0.644 0.292 0.644 0.293 0.644 0.303 0.644 0.304 0.644 0.304 0.637 0.303 0.636 0.303 0.635
0 0.324 0.66 0.323 0.66 0.323 0.668 0.334 0.668 0.334 0.66
1 0.323 0.638 0.323 0.639 0.323 0.64 0.323 0.645 0.323 0.645 0.323 0.646 0.324 0.647 0.334 0.647 0.334 0.646 0.334 0.639 0.334 0.638 0.334 0.638
2 0.429 0.594 0.428 0.594 0.428 0.594 0.428 0.595 0.427 0.595 0.427 0.611 0.427 0.611 0.426 0.611 0.426 0.611 0.426 0.606 0.425 0.606 0.425 0.596 0.425 0.595 0.425 0.595 0.424 0.595 0.424 0.595 0.423 0.596 0.423 0.596 0.423 0.601 0.423 0.601 0.423 0.611 0.423 0.612 0.422 0.612 0.422 0.611 0.422 0.596 0.421 0.595 0.421 0.595 0.42 0.595 0.42 0.596 0.42 0.601 0.42 0.601 0.42 0.61 0.42 0.61 0.419 0.61 0.419 0.611 0.419 0.611 0.418 0.61 0.418 0.598 0.418 0.598 0.418 0.595 0.417 0.594 0.416 0.594 0.416 0.595 0.416 0.595 0.416 0.595 0.416 0.607 0.416 0.607 0.416 0.61 0.416 0.611 0.415 0.611 0.414 0.61 0.414 0.605 0.414 0.604 0.414 0.595 0.413 0.595 0.413 0.595 0.412 0.595 0.412 0.607 0.412 0.607 0.412 0.61 0.412 0.611 0.411 0.611 0.41 0.61 0.41 0.595 0.409 0.595 0.409 0.596 0.408 0.596 0.408 0.599 0.409 0.6 0.409 0.612 0.408 0.613 0.407 0.613 0.407 0.612 0.407 0.597 0.407 0.597 0.407 0.596 0.406 0.595 0.406 0.595 0.406 0.595 0.405 0.595 0.405 0.595 0.405 0.595 0.405 0.597 0.404 0.598 0.404 0.606 0.405 0.606 0.405 0.609 0.404 0.61 0.403 0.61 0.403 0.609 0.403 0.603 0.403 0.603 0.403 0.596 0.402 0.595 0.401 0.595 0.401 0.596 0.401 0.606 0.401 0.606 0.401 0.61 0.401 0.611 0.399 0.611 0.399 0.61 0.399 0.61 0.399 0.609 0.399 0.596 0.397 0.596 0.397 0.611 0.397 0.611 0.396 0.611 0.396 0.611 0.396 0.61 0.395 0.609 0.395 0.596 0.395 0.596 0.395 0.596 0.394 0.595 0.393 0.595 0.393 0.61 0.393 0.611 0.392 0.611 0.391 0.61 0.391 0.595 0.39 0.595 0.39 0.595 0.39 0.595 0.389 0.595 0.389 0.604 0.39 0.605 0.39 0.61 0.389 0.611 0.388 0.611 0.388 0.61 0.388 0.596 0.387 0.596 0.387 0.595 0.385 0.595 0.385 0.595 0.385 0.595 0.385 0.611 0.384 0.611 0.384 0.611 0.383 0.612 0.383 0.612 0.382 0.611 0.382 0.612 0.382 0.612 0.382 0.612 0.381 0.613 0.381 0.613 0.381 0.614 0.381 0.614 0.381 0.615 0.381 0.615 0.38 0.615 0.38 0.615 0.38 0.616 0.379 0.616 0.378 0.616 0.378 0.617 0.378 0.617 0.378 0.617 0.377 0.618 0.377 0.618 0.377 0.619 0.377 0.62 0.376 0.62 0.376 0.621 0.377 0.621 0.377 0.622 0.376 0.623 0.374 0.623 0.373 0.623 0.373 0.623 0.37 0.623 0.369 0.623 0.368 0.623 0.368 0.623 0.367 0.623 0.367 0.623 0.366 0.623 0.366 0.623 0.365 0.623 0.365 0.624 0.365 0.625 0.365 0.625 0.365 0.626 0.365 0.626 0.365 0.627 0.365 0.627 0.366 0.628 0.366 0.628 0.37 0.628 0.37 0.628 0.377 0.628 0.377 0.628 0.377 0.629 0.377 0.63 0.368 0.63 0.368 0.63 0.365 0.63 0.365 0.631 0.365 0.631 0.365 0.633 0.365 0.633 0.371 0.633 0.371 0.633 0.377 0.633 0.377 0.633 0.377 0.635 0.377 0.635 0.366 0.635 0.365 0.637 0.365 0.638 0.365 0.638 0.365 0.638 0.373 0.638 0.373 0.638 0.377 0.638 0.378 0.638 0.378 0.64 0.377 0.641 0.376 0.641 0.376 0.641 0.366 0.641 0.365 0.642 0.365 0.643 0.365 0.644 0.376 0.644 0.377 0.644 0.377 0.646 0.376 0.647 0.366 0.647 0.365 0.647 0.365 0.647 0.365 0.648 0.365 0.648 0.365 0.65 0.368 0.65 0.369 0.649 0.377 0.649 0.378 0.65 0.378 0.65 0.378 0.651 0.378 0.652 0.378 0.652 0.373 0.652 0.372 0.653 0.366 0.653 0.366 0.655 0.378 0.655 0.378 0.655 0.378 0.657 0.378 0.658 0.368 0.658 0.367 0.658 0.365 0.658 0.365 0.658 0.365 0.66 0.365 0.66 0.365 0.66 0.376 0.66 0.377 0.66 0.377 0.66 0.377 0.662 0.377 0.663 0.369 0.663 0.369 0.663 0.366 0.663 0.366 0.666 0.372 0.666 0.372 0.666 0.377 0.666 0.377 0.666 0.377 0.668 0.377 0.668 0.366 0.668 0.366 0.672 0.367 0.672 0.367 0.671 0.377 0.671 0.377 0.672 0.377 0.673 0.376 0.674 0.366 0.674 0.366 0.674 0.366 0.675 0.365 0.675 0.365 0.676 0.366 0.677 0.366 0.677 0.373 0.677 0.374 0.677 0.377 0.677 0.377 0.677 0.377 0.679 0.377 0.679 0.366 0.679 0.365 0.68 0.365 0.681 0.366 0.682 0.366 0.683 0.368 0.683 0.369 0.682 0.377 0.682 0.377 0.683 0.377 0.683 0.378 0.684 0.377 0.684 0.373 0.684 0.373 0.685 0.366 0.685 0.366 0.685 0.365 0.685 0.365 0.688 0.377 0.688 0.378 0.688 0.378 0.69 0.377 0.69 0.374 0.69 0.373 0.691 0.366 0.691 0.366 0.693 0.376 0.693 0.376 0.693 0.378 0.693 0.378 0.693 0.378 0.695 0.378 0.695 0.375 0.695 0.374 0.696 0.366 0.696 0.366 0.696 0.366 0.699 0.366 0.699 0.371 0.699 0.371 0.699 0.377 0.699 0.378 0.699 0.378 0.701 0.377 0.701 0.366 0.701 0.366 0.704 0.372 0.704 0.372 0.704 0.378 0.704 0.378 0.704 0.378 0.706 0.378 0.707 0.37 0.707 0.369 0.707 0.367 0.707 0.366 0.707 0.366 0.706 0.366 0.707 0.366 0.709 0.366 0.71 0.366 0.711 0.367 0.712 0.369 0.712 0.37 0.712 0.377 0.712 0.377 0.712 0.377 0.712 0.378 0.712 0.378 0.713 0.378 0.714 0.378 0.715 0.379 0.715 0.379 0.715 0.379 0.715 0.38 0.716 0.38 0.716 0.38 0.716 0.38 0.717 0.38 0.717 0.381 0.717 0.381 0.718 0.381 0.718 0.381 0.718 0.381 0.719 0.382 0.719 0.382 0.719 0.383 0.72 0.383 0.72 0.384 0.721 0.384 0.721 0.384 0.722 0.385 0.722 0.385 0.722 0.385 0.739 0.386 0.739 0.387 0.74 0.388 0.74 0.388 0.739 0.388 0.733 0.388 0.733 0.388 0.723 0.388 0.722 0.39 0.722 0.39 0.723 0.39 0.729 0.39 0.73 0.39 0.739 0.392 0.739 0.392 0.738 0.392 0.733 0.392 0.733 0.392 0.723 0.392 0.722 0.394 0.722 0.394 0.723 0.394 0.737 0.394 0.737 0.394 0.738 0.395 0.739 0.396 0.739 0.396 0.738 0.396 0.738 0.396 0.735 0.396 0.735 0.396 0.722 0.396 0.722 0.397 0.722 0.398 0.722 0.398 0.724 0.398 0.724 0.398 0.738 0.398 0.739 0.399 0.739 0.4 0.738 0.4 0.736 0.399 0.735 0.399 0.722 0.4 0.722 0.401 0.722 0.401 0.722 0.401 0.731 0.402 0.732 0.402 0.739 0.402 0.739 0.403 0.739 0.404 0.738 0.404 0.73 0.403 0.73 0.403 0.723 0.404 0.722 0.405 0.722 0.405 0.723 0.405 0.726 0.406 0.726 0.406 0.738 0.405 0.738 0.406 0.739 0.407 0.739 0.407 0.739 0.407 0.731 0.407 0.73 0.407 0.723 0.407 0.722 0.409 0.722 0.409 0.723 0.409 0.726 0.409 0.727 0.409 0.739 0.41 0.74 0.411 0.74 0.411 0.739 0.411 0.739 0.411 0.738 0.411 0.738 0.411 0.723 0.411 0.723 0.412 0.723 0.412 0.722 0.413 0.723 0.413 0.734 0.413 0.735 0.413 0.739 0.413 0.739 0.414 0.739 0.414 0.739 0.415 0.739 0.415 0.725 0.414 0.724 0.414 0.722 0.415 0.722 0.416 0.722 0.417 0.722 0.417 0.729 0.417 0.729 0.417 0.738 0.417 0.739 0.417 0.739 0.418 0.739 0.419 0.739 0.419 0.733 0.418 0.732 0.418 0.722 0.419 0.722 0.42 0.722 0.421 0.722 0.421 0.737 0.421 0.737 0.421 0.739 0.422 0.739 0.423 0.738 0.423 0.727 0.422 0.727 0.422 0.722 0.423 0.722 0.424 0.722 0.424 0.722 0.424 0.737 0.424 0.737 0.424 0.738 0.425 0.739 0.425 0.739 0.426 0.738 0.426 0.738 0.426 0.735 0.426 0.735 0.426 0.723 0.426 0.722 0.427 0.722 0.428 0.723 0.428 0.724 0.428 0.724 0.428 0.738 0.429 0.738 0.429 0.739 0.429 0.739 0.43 0.738 0.43 0.738 0.43 0.722 0.43 0.721 0.432 0.721 0.432 0.722 0.432 0.738 0.433 0.739 0.434 0.739 0.434 0.739 0.434 0.73 0.434 0.729 0.434 0.723 0.434 0.722 0.435 0.722 0.435 0.723 0.435 0.725 0.436 0.726 0.436 0.739 0.436 0.739 0.437 0.739 0.438 0.738 0.438 0.738 0.437 0.737 0.437 0.723 0.438 0.722 0.439 0.722 0.44 0.723 0.44 0.738 0.44 0.739 0.44 0.739 0.441 0.739 0.441 0.739 0.441 0.724 0.441 0.724 0.441 0.723 0.442 0.722 0.443 0.722 0.443 0.722 0.443 0.739 0.446 0.739 0.446 0.738 0.446 0.738 0.446 0.736 0.446 0.735 0.446 0.726 0.446 0.726 0.446 0.722 0.447 0.722 0.447 0.722 0.448 0.721 0.449 0.721 0.449 0.721 0.449 0.72 0.449 0.72 0.454 0.714 0.454 0.713 0.454 0.712 0.454 0.712 0.454 0.712 0.455 0.712 0.456 0.711 0.457 0.711 0.457 0.711 0.458 0.711 0.459 0.712 0.46 0.712 0.461 0.711 0.465 0.711 0.465 0.711 0.465 0.711 0.465 0.706 0.465 0.706 0.465 0.706 0.457 0.706 0.457 0.705 0.457 0.704 0.457 0.704 0.464 0.704 0.465 0.704 0.465 0.704 0.465 0.704 0.466 0.703 0.466 0.701 0.465 0.7 0.457 0.7 0.457 0.7 0.457 0.699 0.457 0.699 0.458 0.699 0.458 0.698 0.465 0.698 0.465 0.699 0.465 0.698 0.465 0.698 0.465 0.696 0.465 0.695 0.465 0.695 0.461 0.695 0.461 0.695 0.458 0.695 0.457 0.695 0.457 0.693 0.458 0.693 0.463 0.693 0.463 0.692 0.465 0.692 0.465 0.693 0.465 0.692 0.465 0.69 0.465 0.69 0.465 0.69 0.457 0.69 0.457 0.689 0.457 0.688 0.457 0.687 0.466 0.687 0.466 0.685 0.465 0.685 0.465 0.684 0.465 0.685 0.457 0.685 0.457 0.684 0.457 0.682 0.457 0.682 0.461 0.682 0.462 0.681 0.465 0.681 0.465 0.682 0.466 0.682 0.466 0.681 0.466 0.681 0.466 0.68 0.465 0.679 0.465 0.679 0.465 0.679 0.465 0.679 0.459 0.679 0.458 0.679 0.457 0.679 0.457 0.679 0.457 0.677 0.457 0.677 0.465 0.677 0.465 0.676 0.466 0.676 0.466 0.676 0.466 0.675 0.466 0.675 0.465 0.674 0.465 0.674 0.465 0.673 0.464 0.673 0.463 0.673 0.457 0.673 0.457 0.673 0.457 0.672 0.457 0.671 0.465 0.671 0.465 0.671 0.466 0.671 0.466 0.669 0.465 0.668 0.457 0.668 0.457 0.667 0.457 0.666 0.457 0.666 0.465 0.666 0.466 0.664 0.466 0.664 0.465 0.663 0.465 0.663 0.465 0.663 0.464 0.662 0.462 0.662 0.462 0.662 0.457 0.662 0.457 0.662 0.457 0.66 0.457 0.66 0.463 0.66 0.464 0.66 0.465 0.66 0.465 0.659 0.466 0.659 0.466 0.658 0.465 0.658 0.465 0.657 0.461 0.657 0.46 0.657 0.457 0.657 0.457 0.657 0.457 0.655 0.457 0.655 0.464 0.655 0.465 0.654 0.465 0.654 0.466 0.654 0.466 0.653 0.465 0.652 0.457 0.652 0.457 0.651 0.457 0.649 0.457 0.649 0.464 0.649 0.465 0.649 0.466 0.648 0.466 0.647 0.465 0.646 0.465 0.646 0.464 0.646 0.458 0.646 0.458 0.645 0.458 0.644 0.458 0.643 0.465 0.643 0.466 0.642 0.466 0.641 0.465 0.641 0.465 0.641 0.465 0.641 0.457 0.641 0.457 0.64 0.457 0.639 0.457 0.638 0.465 0.638 0.466 0.637 0.465 0.637 0.465 0.636 0.465 0.636 0.464 0.635 0.457 0.635 0.457 0.635 0.457 0.633 0.457 0.633 0.463 0.633 0.463 0.633 0.463 0.633 0.464 0.633 0.465 0.633 0.465 0.632 0.466 0.631 0.466 0.631 0.465 0.63 0.463 0.63 0.463 0.629 0.462 0.629 0.462 0.629 0.461 0.629 0.461 0.629 0.457 0.629 0.456 0.629 0.456 0.628 0.457 0.627 0.465 0.627 0.465 0.622 0.456 0.622 0.456 0.623 0.455 0.623 0.454 0.622 0.454 0.622 0.454 0.622 0.454 0.62 0.453 0.619 0.453 0.618 0.452 0.617 0.452 0.617 0.452 0.616 0.451 0.616 0.451 0.615 0.451 0.615 0.451 0.615 0.45 0.615 0.45 0.614 0.449 0.613 0.448 0.613 0.448 0.612 0.447 0.612 0.447 0.612 0.447 0.612 0.446 0.611 0.446 0.611 0.446 0.611 0.446 0.605 0.446 0.605 0.446 0.603 0.446 0.603 0.446 0.603 0.446 0.596 0.445 0.595 0.445 0.595 0.445 0.595 0.444 0.595 0.443 0.595 0.443 0.595 0.443 0.61 0.442 0.611 0.441 0.611 0.441 0.61 0.441 0.595 0.439 0.595 0.439 0.603 0.439 0.603 0.439 0.611 0.439 0.612 0.437 0.612 0.437 0.611 0.437 0.6 0.436 0.599 0.436 0.596 0.436 0.595 0.435 0.595 0.435 0.596 0.435 0.609 0.435 0.61 0.435 0.611 0.435 0.612 0.434 0.612 0.433 0.611 0.433 0.6 0.433 0.599 0.433 0.596 0.433 0.595 0.432 0.595 0.431 0.596 0.431 0.602 0.431 0.602 0.431 0.611 0.431 0.611 0.43 0.611 0.43 0.612 0.429 0.611 0.429 0.595
1 0.472 0.604 0.472 0.604 0.471 0.605 0.471 0.612 0.482 0.612 0.482 0.606 0.482 0.605 0.482 0.604
2 0.528 0.598 0.528 0.598 0.527 0.598 0.527 0.608 0.526 0.608 0.527 0.609 0.527 0.609 0.526 0.609 0.526 0.617 0.527 0.618 0.527 0.62 0.526 0.62 0.526 0.621 0.526 0.622 0.526 0.622 0.526 0.623 0.526 0.629 0.526 0.629 0.526 0.63 0.526 0.63 0.526 0.632 0.526 0.633 0.526 0.639 0.527 0.64 0.527 0.641 0.527 0.641 0.527 0.645 0.527 0.646 0.527 0.648 0.527 0.649 0.527 0.651 0.527 0.652 0.529 0.652 0.529 0.652 0.53 0.652 0.53 0.652 0.53 0.652 0.53 0.651 0.531 0.651 0.531 0.64 0.531 0.64 0.533 0.64 0.533 0.64 0.533 0.651 0.534 0.651 0.535 0.651 0.535 0.651 0.535 0.651 0.536 0.65 0.536 0.647 0.536 0.646 0.536 0.64 0.536 0.64 0.538 0.64 0.538 0.64 0.538 0.651 0.538 0.651 0.539 0.651 0.54 0.651 0.541 0.651 0.541 0.651 0.541 0.65 0.541 0.649 0.541 0.64 0.541 0.64 0.543 0.64 0.543 0.64 0.543 0.647 0.543 0.647 0.543 0.652 0.544 0.652 0.545 0.652 0.545 0.652 0.545 0.651 0.546 0.651 0.546 0.651 0.547 0.651 0.547 0.649 0.547 0.648 0.547 0.639 0.547 0.638 0.547 0.629 0.548 0.628 0.548 0.624 0.548 0.623 0.548 0.62 0.547 0.619 0.547 0.616 0.548 0.616 0.548 0.614 0.548 0.614 0.548 0.612 0.547 0.611 0.547 0.609 0.547 0.609 0.547 0.598 0.547 0.598 0.546 0.598 0.546 0.598 0.545 0.598 0.544 0.598 0.544 0.598 0.543 0.598 0.543 0.598 0.543 0.608 0.543 0.608 0.541 0.608 0.541 0.608 0.541 0.599 0.54 0.599 0.54 0.598 0.539 0.598 0.539 0.598 0.538 0.598 0.538 0.599 0.538 0.603 0.538 0.603 0.538 0.607 0.538 0.608 0.537 0.608 0.537 0.608 0.536 0.608 0.536 0.608 0.536 0.606 0.535 0.605 0.535 0.603 0.536 0.603 0.536 0.599 0.535 0.598 0.533 0.598 0.533 0.599 0.533 0.608 0.532 0.609 0.531 0.609 0.531 0.608 0.531 0.603 0.53 0.602 0.53 0.598 0.53 0.598 0.53 0.598 0.529 0.598 0.528 0.598
2 0.566 0.593 0.566 0.594 0.565 0.594 0.565 0.594 0.565 0.596 0.565 0.597 0.565 0.601 0.565 0.602 0.564 0.602 0.564 0.601 0.563 0.601 0.563 0.601 0.563 0.595 0.562 0.594 0.561 0.594 0.56 0.595 0.56 0.601 0.56 0.601 0.558 0.601 0.558 0.601 0.557 0.601 0.557 0.6 0.557 0.594 0.555 0.594 0.555 0.6 0.555 0.6 0.555 0.601 0.554 0.601 0.554 0.612 0.555 0.612 0.555 0.612 0.555 0.613 0.556 0.614 0.556 0.614 0.556 0.614 0.556 0.617 0.556 0.617 0.556 0.618 0.556 0.618 0.556 0.62 0.554 0.622 0.554 0.622 0.557 0.622 0.557 0.622 0.558 0.622 0.558 0.615 0.558 0.614 0.564 0.614 0.565 0.615 0.565 0.615 0.565 0.615 0.565 0.622 0.567 0.622 0.567 0.615 0.568 0.614 0.568 0.609 0.568 0.609 0.568 0.602 0.567 0.601 0.567 0.598 0.568 0.597 0.568 0.594 0.567 0.594 0.567 0.594 0.567 0.593
7 0.578 0.597 0.578 0.597 0.578 0.599 0.577 0.6 0.577 0.602 0.577 0.602 0.577 0.603 0.577 0.603 0.577 0.609 0.579 0.609 0.58 0.609 0.58 0.612 0.58 0.612 0.58 0.614 0.58 0.614 0.58 0.616 0.582 0.616 0.582 0.616 0.583 0.616 0.583 0.611 0.584 0.61 0.584 0.609 0.585 0.608 0.589 0.608 0.589 0.608 0.589 0.603 0.588 0.602 0.588 0.601 0.588 0.601 0.588 0.601 0.588 0.598 0.587 0.598 0.587 0.597 0.587 0.597 0.585 0.597 0.585 0.597 0.585 0.6 0.585 0.6 0.585 0.601 0.584 0.601 0.581 0.601 0.581 0.601 0.581 0.601 0.58 0.6 0.58 0.599 0.58 0.599 0.58 0.597 0.58 0.597
0 0.598 0.583 0.597 0.583 0.596 0.583 0.596 0.59 0.597 0.59 0.597 0.593 0.607 0.593 0.607 0.592 0.608 0.592 0.608 0.584 0.608 0.583 0.608 0.583
0 0.48 0.667 0.48 0.667 0.48 0.673 0.48 0.673 0.48 0.674 0.48 0.675 0.48 0.682 0.48 0.683 0.485 0.683 0.486 0.682 0.486 0.667 0.485 0.667 0.485 0.667 0.481 0.667 0.481 0.667 0.481 0.667
0 0.357 0.776 0.357 0.785 0.368 0.785 0.368 0.777 0.368 0.776 0.368 0.776
0 0.807 0.582 0.807 0.583 0.804 0.583 0.804 0.59 0.805 0.591 0.805 0.591 0.805 0.591 0.811 0.591 0.811 0.591 0.815 0.591 0.815 0.582
0 0.801 0.531 0.801 0.547 0.805 0.547 0.805 0.547 0.807 0.547 0.807 0.531
2 0.78 0.558 0.78 0.558 0.774 0.558 0.774 0.56 0.774 0.561 0.773 0.561 0.773 0.562 0.773 0.562 0.772 0.562 0.771 0.562 0.768 0.562 0.768 0.561 0.766 0.561 0.766 0.57 0.768 0.57 0.768 0.57 0.769 0.569 0.769 0.569 0.77 0.568 0.77 0.568 0.77 0.568 0.771 0.569 0.772 0.569 0.772 0.569 0.772 0.57 0.773 0.571 0.773 0.571 0.774 0.571 0.774 0.582 0.774 0.583 0.774 0.583 0.773 0.583 0.773 0.583 0.772 0.583 0.771 0.582 0.767 0.582 0.767 0.59 0.768 0.59 0.768 0.589 0.768 0.589 0.77 0.589 0.77 0.588 0.771 0.587 0.772 0.587 0.772 0.586 0.772 0.586 0.773 0.586 0.774 0.586 0.774 0.588 0.774 0.588 0.775 0.588 0.775 0.589 0.786 0.589 0.786 0.588 0.786 0.587 0.786 0.587 0.791 0.587 0.791 0.586 0.791 0.584 0.791 0.583 0.789 0.583 0.788 0.584 0.787 0.584 0.786 0.583 0.786 0.581 0.786 0.58 0.786 0.577 0.787 0.576 0.789 0.576 0.789 0.577 0.789 0.577 0.79 0.577 0.79 0.578 0.792 0.578 0.792 0.573 0.787 0.573 0.786 0.572 0.786 0.568 0.786 0.567 0.786 0.567 0.787 0.566 0.789 0.566 0.789 0.566 0.789 0.566 0.79 0.567 0.791 0.567 0.791 0.567 0.791 0.563 0.791 0.563 0.788 0.563 0.787 0.563 0.787 0.563 0.786 0.562 0.786 0.558
0 0.805 0.635 0.805 0.642 0.815 0.642 0.815 0.641 0.816 0.64 0.816 0.635
0 0.708 0.531 0.707 0.532 0.703 0.532 0.703 0.548 0.708 0.548 0.708 0.531
0 0.715 0.532 0.715 0.532 0.714 0.532 0.714 0.548 0.72 0.548 0.72 0.532
1 0.711 0.478 0.711 0.494 0.717 0.494 0.717 0.479 0.716 0.479 0.716 0.478
3 0.803 0.463 0.802 0.465 0.802 0.466 0.802 0.466 0.802 0.473 0.801 0.474 0.795 0.474 0.794 0.473 0.794 0.465 0.794 0.464 0.794 0.464 0.793 0.464 0.792 0.464 0.792 0.465 0.789 0.465 0.789 0.464 0.789 0.464 0.787 0.464 0.787 0.478 0.788 0.479 0.788 0.48 0.788 0.481 0.788 0.487 0.788 0.487 0.792 0.487 0.792 0.487 0.797 0.487 0.797 0.487 0.797 0.491 0.8 0.491 0.8 0.487 0.801 0.486 0.802 0.486 0.802 0.487 0.803 0.487 0.803 0.486 0.803 0.486 0.804 0.487 0.809 0.487 0.809 0.467 0.809 0.467 0.809 0.464 0.809 0.464 0.808 0.463 0.805 0.463 0.805 0.464 0.805 0.464 0.803 0.464 0.803 0.464 0.803 0.463
0 0.82 0.472 0.82 0.472 0.814 0.472 0.814 0.488 0.821 0.488 0.821 0.472
0 0.815 0.429 0.815 0.429 0.815 0.43 0.815 0.43 0.815 0.436 0.815 0.436 0.815 0.447 0.82 0.447 0.82 0.446 0.821 0.445 0.821 0.445 0.821 0.429 0.821 0.429 0.82 0.429
0 0.815 0.391 0.815 0.407 0.821 0.407 0.821 0.396 0.82 0.395 0.82 0.391
3 0.79 0.388 0.79 0.391 0.789 0.391 0.789 0.391 0.789 0.402 0.795 0.402 0.795 0.402 0.797 0.402 0.797 0.402 0.797 0.407 0.8 0.407 0.8 0.402 0.8 0.402 0.801 0.402 0.801 0.401 0.809 0.401 0.809 0.39 0.807 0.39 0.807 0.39 0.807 0.388 0.804 0.388 0.804 0.391 0.804 0.391 0.792 0.391 0.792 0.391 0.792 0.388
0 0.786 0.349 0.786 0.365 0.792 0.365 0.792 0.349
3 0.796 0.275 0.796 0.276 0.795 0.277 0.795 0.277 0.795 0.285 0.799 0.285 0.8 0.286 0.8 0.288 0.801 0.288 0.801 0.285 0.801 0.285 0.806 0.285 0.806 0.276 0.805 0.276 0.805 0.276 0.805 0.275 0.803 0.275 0.803 0.276 0.802 0.277 0.798 0.277 0.798 0.276 0.798 0.275
0 0.66 0.295 0.66 0.295 0.659 0.295 0.659 0.296 0.659 0.305 0.671 0.305 0.671 0.304 0.67 0.303 0.67 0.295
0 0.655 0.267 0.655 0.267 0.648 0.267 0.648 0.276 0.656 0.276 0.657 0.276 0.659 0.276 0.659 0.267
2 0.592 0.117 0.592 0.13 0.592 0.13 0.59 0.13 0.589 0.131 0.589 0.151 0.59 0.152 0.59 0.158 0.589 0.159 0.589 0.159 0.589 0.177 0.589 0.177 0.589 0.203 0.59 0.204 0.59 0.23 0.59 0.23 0.59 0.244 0.593 0.244 0.594 0.245 0.594 0.253 0.594 0.254 0.594 0.256 0.594 0.256 0.595 0.256 0.595 0.256 0.596 0.256 0.596 0.254 0.596 0.253 0.597 0.253 0.596 0.252 0.596 0.245 0.597 0.245 0.597 0.245 0.597 0.244 0.598 0.244 0.598 0.245 0.599 0.245 0.6 0.246 0.6 0.257 0.6 0.257 0.601 0.258 0.602 0.258 0.602 0.257 0.602 0.253 0.602 0.252 0.602 0.246 0.603 0.245 0.606 0.245 0.606 0.245 0.606 0.253 0.606 0.253 0.606 0.257 0.606 0.257 0.607 0.257 0.608 0.257 0.608 0.257 0.608 0.253 0.608 0.253 0.608 0.245 0.609 0.244 0.609 0.245 0.611 0.245 0.612 0.244 0.612 0.245 0.612 0.249 0.613 0.25 0.613 0.254 0.612 0.254 0.612 0.254 0.612 0.257 0.614 0.257 0.614 0.255 0.615 0.253 0.615 0.245 0.615 0.244 0.618 0.244 0.618 0.245 0.618 0.253 0.619 0.253 0.619 0.254 0.618 0.254 0.618 0.256 0.619 0.257 0.62 0.257 0.62 0.256 0.621 0.256 0.621 0.254 0.621 0.254 0.621 0.245 0.622 0.244 0.624 0.244 0.624 0.245 0.624 0.257 0.626 0.257 0.626 0.255 0.626 0.254 0.627 0.254 0.627 0.254 0.627 0.245 0.627 0.244 0.629 0.244 0.629 0.244 0.63 0.244 0.63 0.245 0.63 0.251 0.631 0.252 0.631 0.253 0.63 0.254 0.63 0.257 0.631 0.257 0.632 0.257 0.633 0.257 0.633 0.245 0.633 0.244 0.636 0.244 0.636 0.244 0.637 0.244 0.637 0.245 0.637 0.253 0.637 0.253 0.637 0.255 0.637 0.256 0.637 0.257 0.639 0.257 0.639 0.254 0.639 0.254 0.639 0.245 0.64 0.244 0.642 0.244 0.642 0.244 0.642 0.25 0.643 0.25 0.643 0.256 0.645 0.256 0.645 0.247 0.645 0.246 0.645 0.244 0.645 0.244 0.647 0.244 0.648 0.244 0.648 0.244 0.649 0.244 0.649 0.245 0.649 0.245 0.649 0.256 0.649 0.256 0.651 0.256 0.651 0.256 0.651 0.244 0.652 0.244 0.665 0.244 0.665 0.243 0.666 0.243 0.666 0.244 0.667 0.244 0.667 0.244 0.667 0.256 0.67 0.256 0.67 0.254 0.669 0.253 0.669 0.244 0.67 0.243 0.673 0.243 0.673 0.244 0.673 0.252 0.673 0.252 0.673 0.256 0.674 0.257 0.675 0.257 0.675 0.256 0.675 0.244 0.676 0.243 0.679 0.243 0.679 0.244 0.679 0.245 0.679 0.246 0.679 0.256 0.682 0.256 0.682 0.252 0.681 0.251 0.681 0.244 0.682 0.243 0.683 0.243 0.683 0.243 0.685 0.243 0.685 0.244 0.685 0.25 0.685 0.25 0.685 0.256 0.686 0.256 0.688 0.256 0.688 0.256 0.688 0.247 0.688 0.247 0.688 0.244 0.688 0.243 0.688 0.243 0.689 0.243 0.691 0.243 0.691 0.243 0.691 0.243 0.692 0.244 0.692 0.256 0.692 0.256 0.693 0.257 0.693 0.257 0.694 0.256 0.694 0.244 0.694 0.243 0.697 0.243 0.697 0.243 0.697 0.255 0.7 0.255 0.7 0.245 0.7 0.245 0.7 0.243 0.7 0.243 0.701 0.243 0.701 0.242 0.703 0.242 0.704 0.243 0.704 0.244 0.704 0.244 0.704 0.256 0.704 0.256 0.706 0.256 0.706 0.256 0.706 0.243 0.707 0.242 0.709 0.242 0.709 0.243 0.709 0.243 0.71 0.243 0.71 0.256 0.71 0.256 0.71 0.256 0.711 0.257 0.711 0.257 0.711 0.256 0.712 0.256 0.712 0.256 0.712 0.244 0.712 0.243 0.712 0.243 0.712 0.243 0.713 0.242 0.715 0.242 0.716 0.243 0.716 0.256 0.716 0.256 0.716 0.257 0.718 0.257 0.718 0.256 0.718 0.243 0.718 0.242 0.719 0.242 0.719 0.242 0.72 0.242 0.721 0.243 0.721 0.244 0.721 0.245 0.721 0.257 0.724 0.257 0.724 0.256 0.725 0.256 0.725 0.245 0.725 0.244 0.725 0.243 0.725 0.242 0.728 0.242 0.728 0.242 0.728 0.242 0.728 0.241 0.728 0.231 0.728 0.23 0.728 0.229 0.728 0.229 0.728 0.228 0.728 0.228 0.728 0.227 0.728 0.227 0.728 0.226 0.728 0.226 0.728 0.221 0.728 0.22 0.728 0.193 0.728 0.192 0.729 0.192 0.729 0.169 0.728 0.169 0.728 0.137 0.728 0.137 0.728 0.132 0.726 0.132 0.726 0.131 0.726 0.131 0.725 0.13 0.725 0.13 0.725 0.13 0.725 0.129 0.725 0.119 0.724 0.118 0.724 0.117 0.722 0.117 0.721 0.118 0.721 0.118 0.721 0.121 0.721 0.121 0.721 0.129 0.721 0.129 0.72 0.129 0.72 0.13 0.719 0.13 0.719 0.129 0.719 0.129 0.718 0.129 0.718 0.118 0.718 0.118 0.716 0.118 0.715 0.118 0.715 0.128 0.716 0.128 0.716 0.129 0.715 0.13 0.713 0.13 0.713 0.129 0.712 0.13 0.712 0.129 0.712 0.129 0.711 0.129 0.711 0.118 0.711 0.118 0.71 0.118 0.709 0.118 0.709 0.118 0.709 0.125 0.709 0.125 0.709 0.13 0.709 0.13 0.707 0.13 0.706 0.13 0.706 0.129 0.706 0.128 0.706 0.118 0.705 0.118 0.704 0.118 0.703 0.118 0.703 0.129 0.703 0.13 0.7 0.13 0.7 0.129 0.7 0.118 0.699 0.118 0.699 0.118 0.697 0.118 0.697 0.118 0.697 0.13 0.696 0.131 0.696 0.131 0.695 0.131 0.695 0.131 0.694 0.13 0.694 0.122 0.694 0.122 0.694 0.118 0.693 0.118 0.692 0.118 0.692 0.118 0.691 0.118 0.691 0.129 0.691 0.13 0.688 0.13 0.687 0.129 0.687 0.118 0.687 0.118 0.685 0.118 0.685 0.118 0.685 0.118 0.685 0.122 0.685 0.122 0.685 0.129 0.685 0.129 0.685 0.129 0.684 0.13 0.683 0.13 0.682 0.13 0.682 0.129 0.682 0.118 0.681 0.118 0.681 0.118 0.68 0.118 0.68 0.118 0.679 0.118 0.679 0.129 0.679 0.129 0.679 0.13 0.679 0.13 0.679 0.13 0.678 0.131 0.678 0.13 0.676 0.13 0.675 0.129 0.675 0.118 0.675 0.118 0.675 0.117 0.674 0.117 0.674 0.118 0.673 0.118 0.673 0.129 0.672 0.13 0.67 0.13 0.669 0.129 0.669 0.128 0.669 0.128 0.669 0.118 0.669 0.117 0.667 0.117 0.666 0.118 0.666 0.127 0.666 0.128 0.666 0.128 0.665 0.128 0.665 0.13 0.665 0.131 0.664 0.131 0.664 0.131 0.663 0.131 0.663 0.132 0.663 0.132 0.662 0.132 0.657 0.132 0.657 0.133 0.656 0.133 0.656 0.132 0.656 0.133 0.654 0.133 0.654 0.132 0.651 0.132 0.651 0.132 0.651 0.118 0.651 0.118 0.65 0.117 0.65 0.118 0.648 0.118 0.648 0.122 0.648 0.122 0.648 0.129 0.648 0.13 0.648 0.13 0.647 0.13 0.646 0.13 0.646 0.131 0.645 0.13 0.645 0.126 0.645 0.125 0.645 0.119 0.644 0.118 0.643 0.118 0.642 0.119 0.642 0.13 0.642 0.131 0.641 0.13 0.641 0.13 0.641 0.13 0.64 0.13 0.64 0.13 0.64 0.13 0.639 0.13 0.638 0.13 0.638 0.13 0.638 0.118 0.637 0.118 0.636 0.119 0.636 0.119 0.636 0.122 0.636 0.123 0.636 0.13 0.636 0.13 0.635 0.13 0.634 0.131 0.633 0.131 0.633 0.13 0.633 0.119 0.632 0.119 0.632 0.118 0.63 0.118 0.63 0.13 0.629 0.131 0.628 0.131 0.627 0.131 0.627 0.13 0.627 0.126 0.626 0.126 0.626 0.118 0.626 0.118 0.624 0.118 0.624 0.118 0.624 0.118 0.624 0.119 0.624 0.12 0.624 0.129 0.624 0.129 0.624 0.131 0.624 0.131 0.623 0.131 0.622 0.132 0.622 0.132 0.621 0.131 0.621 0.131 0.621 0.131 0.621 0.123 0.62 0.123 0.62 0.118 0.618 0.118 0.618 0.126 0.618 0.127 0.618 0.129 0.618 0.13 0.617 0.13 0.617 0.13 0.615 0.13 0.614 0.129 0.614 0.12 0.614 0.12 0.614 0.119 0.614 0.118 0.612 0.118 0.612 0.119 0.612 0.119 0.612 0.123 0.612 0.123 0.612 0.129 0.612 0.13 0.611 0.13 0.611 0.13 0.61 0.13 0.61 0.13 0.609 0.13 0.609 0.129 0.609 0.127 0.608 0.126 0.608 0.118 0.605 0.118 0.605 0.12 0.606 0.121 0.606 0.129 0.605 0.13 0.605 0.13 0.605 0.13 0.602 0.13 0.602 0.13 0.602 0.119 0.601 0.118 0.6 0.118 0.6 0.119 0.6 0.129 0.599 0.13 0.597 0.13 0.596 0.129 0.596 0.121 0.596 0.121 0.596 0.117
1 0.692 0.073 0.692 0.089 0.693 0.089 0.693 0.089 0.698 0.089 0.698 0.073
1 0.677 0.074 0.677 0.088 0.683 0.088 0.683 0.074
1 0.662 0.071 0.662 0.071 0.661 0.071 0.661 0.091 0.662 0.091 0.662 0.091 0.671 0.091 0.671 0.09 0.671 0.089 0.671 0.071 0.671 0.071 0.671 0.071
0 0.635 0.073 0.635 0.074 0.634 0.074 0.634 0.076 0.635 0.077 0.635 0.091 0.64 0.091 0.64 0.079 0.64 0.079 0.64 0.073
1 0.601 0.074 0.601 0.09 0.601 0.09 0.602 0.09 0.602 0.09 0.607 0.09 0.607 0.074 0.607 0.074
1 0.59 0.074 0.59 0.091 0.596 0.091 0.596 0.074
1 0.576 0.15 0.576 0.167 0.577 0.167 0.582 0.167 0.582 0.151 0.582 0.151 0.582 0.15
1 0.526 0.152 0.526 0.16 0.537 0.16 0.537 0.152
1 0.526 0.169 0.526 0.169 0.526 0.17 0.526 0.176 0.526 0.176 0.526 0.178 0.537 0.178 0.537 0.17 0.536 0.169 0.536 0.169
1 0.517 0.204 0.517 0.221 0.523 0.221 0.523 0.205 0.522 0.205 0.522 0.205 0.522 0.204
1 0.529 0.204 0.529 0.205 0.529 0.205 0.529 0.206 0.529 0.207 0.528 0.207 0.528 0.224 0.529 0.224 0.529 0.225 0.529 0.226 0.537 0.226 0.537 0.226 0.538 0.225 0.538 0.225 0.538 0.204
1 0.546 0.207 0.546 0.207 0.544 0.207 0.544 0.223 0.55 0.223 0.55 0.208 0.549 0.207 0.549 0.207
0 0.525 0.069 0.525 0.078 0.525 0.078 0.536 0.078 0.536 0.069
0 0.526 0.106 0.526 0.107 0.525 0.107 0.525 0.116 0.537 0.116 0.537 0.107 0.537 0.107 0.537 0.106
0 0.526 0.123 0.526 0.132 0.536 0.132 0.536 0.123
1 0.575 0.244 0.575 0.26 0.58 0.26 0.58 0.244 0.58 0.244
8 0.557 0.236 0.557 0.236 0.556 0.236 0.556 0.24 0.556 0.24 0.554 0.24 0.554 0.239 0.554 0.236 0.551 0.236 0.55 0.237 0.55 0.237 0.551 0.237 0.551 0.239 0.55 0.24 0.55 0.24 0.55 0.24 0.548 0.24 0.547 0.24 0.547 0.237 0.547 0.236 0.545 0.236 0.545 0.237 0.544 0.237 0.544 0.24 0.544 0.24 0.543 0.24 0.543 0.241 0.543 0.248 0.543 0.248 0.543 0.253 0.543 0.254 0.543 0.258 0.543 0.258 0.543 0.258 0.544 0.258 0.544 0.259 0.544 0.259 0.545 0.259 0.545 0.264 0.545 0.264 0.546 0.265 0.546 0.265 0.547 0.264 0.547 0.264 0.547 0.259 0.548 0.259 0.548 0.259 0.548 0.258 0.55 0.258 0.551 0.259 0.551 0.263 0.551 0.264 0.553 0.264 0.553 0.264 0.553 0.264 0.554 0.263 0.554 0.259 0.554 0.258 0.556 0.258 0.556 0.259 0.556 0.259 0.557 0.259 0.557 0.264 0.557 0.264 0.557 0.264 0.558 0.264 0.559 0.264 0.559 0.264 0.56 0.263 0.56 0.259 0.56 0.258 0.562 0.258 0.563 0.259 0.563 0.261 0.563 0.262 0.563 0.264 0.563 0.264 0.564 0.264 0.565 0.264 0.565 0.264 0.565 0.264 0.565 0.259 0.566 0.258 0.567 0.258 0.567 0.258 0.567 0.241 0.567 0.241 0.566 0.24 0.566 0.24 0.566 0.24 0.566 0.237 0.565 0.236 0.563 0.236 0.563 0.239 0.562 0.24 0.562 0.24 0.562 0.24 0.561 0.24 0.561 0.24 0.56 0.24 0.56 0.239 0.56 0.236 0.559 0.236 0.559 0.236
2 0.364 0.078 0.364 0.079 0.364 0.079 0.363 0.079 0.363 0.095 0.363 0.095 0.363 0.095 0.363 0.096 0.362 0.096 0.362 0.096 0.362 0.097 0.361 0.097 0.36 0.098 0.36 0.098 0.36 0.099 0.36 0.1 0.36 0.103 0.36 0.103 0.36 0.104 0.359 0.105 0.358 0.105 0.358 0.105 0.356 0.105 0.355 0.106 0.351 0.106 0.35 0.105 0.35 0.105 0.349 0.105 0.349 0.104 0.348 0.104 0.348 0.105 0.348 0.109 0.349 0.109 0.349 0.108 0.355 0.108 0.355 0.108 0.358 0.108 0.359 0.108 0.359 0.109 0.358 0.109 0.355 0.109 0.355 0.109 0.355 0.11 0.354 0.11 0.354 0.11 0.348 0.11 0.348 0.112 0.348 0.113 0.353 0.113 0.354 0.112 0.355 0.112 0.355 0.112 0.355 0.111 0.358 0.111 0.359 0.112 0.359 0.113 0.358 0.114 0.355 0.114 0.355 0.114 0.355 0.115 0.348 0.115 0.348 0.117 0.348 0.117 0.352 0.117 0.352 0.117 0.354 0.117 0.354 0.116 0.355 0.116 0.358 0.116 0.358 0.116 0.358 0.117 0.359 0.117 0.358 0.118 0.355 0.118 0.355 0.119 0.355 0.119 0.348 0.119 0.348 0.12 0.348 0.122 0.354 0.122 0.354 0.121 0.355 0.121 0.357 0.121 0.358 0.12 0.358 0.12 0.359 0.121 0.359 0.122 0.358 0.122 0.355 0.122 0.355 0.123 0.355 0.124 0.348 0.124 0.348 0.126 0.348 0.126 0.355 0.126 0.355 0.126 0.355 0.125 0.359 0.125 0.359 0.126 0.359 0.127 0.359 0.127 0.356 0.127 0.355 0.128 0.347 0.128 0.347 0.128 0.347 0.13 0.347 0.13 0.347 0.131 0.354 0.131 0.355 0.13 0.355 0.13 0.355 0.129 0.358 0.129 0.359 0.13 0.359 0.131 0.358 0.132 0.356 0.132 0.356 0.132 0.355 0.133 0.347 0.133 0.347 0.133 0.347 0.134 0.347 0.135 0.347 0.135 0.348 0.135 0.355 0.135 0.355 0.134 0.355 0.134 0.358 0.134 0.359 0.134 0.359 0.136 0.358 0.136 0.355 0.136 0.355 0.137 0.347 0.137 0.347 0.137 0.347 0.138 0.347 0.138 0.348 0.139 0.355 0.139 0.355 0.139 0.355 0.138 0.358 0.138 0.359 0.139 0.359 0.14 0.358 0.141 0.356 0.141 0.356 0.141 0.355 0.141 0.348 0.141 0.348 0.144 0.351 0.144 0.351 0.143 0.357 0.143 0.357 0.143 0.358 0.143 0.359 0.143 0.359 0.145 0.358 0.145 0.355 0.145 0.355 0.146 0.351 0.146 0.35 0.146 0.347 0.146 0.347 0.147 0.347 0.147 0.347 0.147 0.348 0.148 0.348 0.148 0.35 0.148 0.35 0.148 0.355 0.148 0.355 0.147 0.358 0.147 0.359 0.148 0.359 0.149 0.358 0.15 0.356 0.15 0.355 0.15 0.349 0.15 0.349 0.151 0.348 0.151 0.348 0.153 0.354 0.153 0.354 0.152 0.355 0.152 0.355 0.152 0.359 0.152 0.359 0.152 0.359 0.153 0.359 0.154 0.355 0.154 0.355 0.154 0.355 0.154 0.354 0.154 0.353 0.155 0.347 0.155 0.347 0.155 0.347 0.156 0.348 0.157 0.348 0.157 0.353 0.157 0.353 0.157 0.358 0.157 0.359 0.157 0.359 0.158 0.358 0.158 0.355 0.158 0.355 0.159 0.355 0.159 0.352 0.159 0.352 0.16 0.348 0.16 0.348 0.161 0.348 0.161 0.355 0.161 0.356 0.161 0.358 0.161 0.359 0.161 0.359 0.162 0.358 0.163 0.356 0.163 0.356 0.163 0.355 0.164 0.347 0.164 0.347 0.166 0.348 0.166 0.348 0.166 0.354 0.166 0.355 0.166 0.359 0.166 0.359 0.166 0.359 0.167 0.359 0.167 0.355 0.167 0.355 0.168 0.355 0.168 0.348 0.168 0.348 0.17 0.355 0.17 0.355 0.17 0.358 0.17 0.359 0.17 0.359 0.171 0.358 0.172 0.356 0.172 0.356 0.172 0.355 0.173 0.348 0.173 0.348 0.174 0.348 0.175 0.348 0.175 0.353 0.175 0.353 0.175 0.355 0.175 0.355 0.174 0.355 0.174 0.358 0.174 0.359 0.174 0.359 0.176 0.358 0.176 0.356 0.176 0.355 0.177 0.348 0.177 0.347 0.178 0.347 0.179 0.348 0.179 0.355 0.179 0.355 0.179 0.355 0.179 0.358 0.179 0.358 0.178 0.358 0.178 0.359 0.179 0.359 0.18 0.358 0.18 0.357 0.18 0.357 0.181 0.356 0.181 0.356 0.181 0.348 0.181 0.348 0.183 0.348 0.183 0.348 0.184 0.355 0.184 0.355 0.183 0.356 0.183 0.357 0.183 0.358 0.183 0.359 0.183 0.359 0.185 0.358 0.185 0.356 0.185 0.356 0.186 0.356 0.186 0.348 0.186 0.348 0.188 0.348 0.188 0.355 0.188 0.355 0.188 0.358 0.188 0.359 0.188 0.359 0.189 0.358 0.19 0.356 0.19 0.356 0.19 0.348 0.19 0.348 0.191 0.348 0.192 0.348 0.193 0.355 0.193 0.355 0.192 0.355 0.192 0.359 0.192 0.359 0.192 0.359 0.193 0.359 0.194 0.356 0.194 0.356 0.195 0.356 0.195 0.348 0.195 0.348 0.195 0.348 0.196 0.348 0.196 0.348 0.197 0.355 0.197 0.355 0.197 0.358 0.197 0.358 0.196 0.359 0.196 0.359 0.197 0.359 0.198 0.359 0.199 0.357 0.199 0.357 0.199 0.351 0.199 0.351 0.199 0.348 0.199 0.348 0.202 0.35 0.202 0.35 0.201 0.355 0.201 0.356 0.201 0.359 0.201 0.359 0.201 0.359 0.203 0.359 0.203 0.355 0.203 0.355 0.204 0.348 0.204 0.348 0.204 0.348 0.205 0.348 0.206 0.348 0.206 0.348 0.206 0.355 0.206 0.355 0.205 0.358 0.205 0.359 0.206 0.359 0.207 0.358 0.207 0.356 0.207 0.355 0.208 0.354 0.208 0.353 0.208 0.348 0.208 0.348 0.209 0.348 0.21 0.348 0.211 0.352 0.211 0.353 0.21 0.359 0.21 0.359 0.211 0.359 0.212 0.359 0.212 0.356 0.212 0.356 0.212 0.352 0.212 0.352 0.213 0.348 0.213 0.348 0.214 0.348 0.215 0.348 0.215 0.351 0.215 0.351 0.215 0.355 0.215 0.356 0.214 0.359 0.214 0.359 0.215 0.359 0.216 0.359 0.216 0.356 0.216 0.356 0.217 0.356 0.217 0.351 0.217 0.35 0.218 0.348 0.218 0.348 0.219 0.348 0.219 0.355 0.219 0.355 0.219 0.359 0.219 0.359 0.219 0.359 0.22 0.359 0.221 0.356 0.221 0.356 0.221 0.356 0.222 0.349 0.222 0.348 0.222 0.348 0.224 0.349 0.224 0.353 0.224 0.354 0.224 0.355 0.224 0.355 0.223 0.359 0.223 0.359 0.224 0.359 0.225 0.359 0.225 0.356 0.225 0.356 0.226 0.348 0.226 0.348 0.228 0.355 0.228 0.355 0.228 0.359 0.228 0.359 0.228 0.359 0.229 0.359 0.23 0.356 0.23 0.356 0.23 0.348 0.23 0.348 0.232 0.35 0.232 0.351 0.232 0.356 0.232 0.356 0.232 0.359 0.232 0.359 0.233 0.359 0.233 0.359 0.234 0.356 0.234 0.356 0.234 0.356 0.235 0.348 0.235 0.348 0.237 0.349 0.237 0.354 0.237 0.354 0.237 0.355 0.237 0.355 0.237 0.355 0.236 0.357 0.236 0.357 0.237 0.359 0.237 0.359 0.237 0.359 0.238 0.359 0.239 0.357 0.239 0.356 0.239 0.348 0.239 0.348 0.239 0.348 0.239 0.348 0.241 0.348 0.241 0.348 0.242 0.355 0.242 0.356 0.241 0.359 0.241 0.359 0.242 0.359 0.243 0.359 0.243 0.356 0.243 0.356 0.244 0.349 0.244 0.349 0.246 0.359 0.246 0.359 0.246 0.359 0.247 0.359 0.247 0.356 0.247 0.356 0.248 0.349 0.248 0.349 0.25 0.349 0.251 0.354 0.251 0.355 0.25 0.359 0.25 0.359 0.251 0.359 0.251 0.359 0.252 0.354 0.252 0.354 0.252 0.349 0.252 0.349 0.255 0.349 0.255 0.359 0.255 0.359 0.255 0.359 0.255 0.359 0.256 0.359 0.256 0.352 0.256 0.352 0.257 0.348 0.257 0.348 0.26 0.357 0.26 0.357 0.259 0.359 0.259 0.359 0.26 0.359 0.261 0.359 0.261 0.351 0.261 0.35 0.262 0.348 0.262 0.348 0.263 0.348 0.263 0.348 0.263 0.349 0.263 0.349 0.264 0.349 0.263 0.359 0.263 0.359 0.264 0.359 0.265 0.359 0.265 0.355 0.265 0.354 0.266 0.349 0.266 0.348 0.266 0.348 0.268 0.359 0.268 0.359 0.269 0.359 0.269 0.358 0.27 0.348 0.27 0.348 0.272 0.349 0.273 0.351 0.273 0.351 0.272 0.359 0.272 0.359 0.273 0.359 0.274 0.359 0.274 0.357 0.274 0.356 0.275 0.349 0.275 0.348 0.275 0.348 0.276 0.349 0.277 0.349 0.277 0.359 0.277 0.359 0.277 0.359 0.278 0.359 0.279 0.355 0.279 0.354 0.279 0.349 0.279 0.348 0.28 0.348 0.281 0.349 0.282 0.359 0.282 0.359 0.282 0.359 0.282 0.359 0.283 0.359 0.283 0.358 0.283 0.349 0.283 0.349 0.286 0.351 0.286 0.351 0.286 0.359 0.286 0.36 0.286 0.36 0.287 0.359 0.288 0.349 0.288 0.349 0.288 0.349 0.291 0.349 0.291 0.349 0.29 0.359 0.29 0.36 0.291 0.36 0.292 0.359 0.292 0.349 0.292 0.349 0.295 0.349 0.295 0.353 0.295 0.353 0.295 0.359 0.295 0.359 0.295 0.359 0.296 0.359 0.296 0.358 0.296 0.358 0.297 0.349 0.297 0.349 0.299 0.349 0.3 0.351 0.3 0.351 0.299 0.359 0.299 0.36 0.3 0.36 0.301 0.359 0.301 0.349 0.301 0.349 0.301 0.349 0.303 0.359 0.303 0.36 0.304 0.36 0.304 0.359 0.305 0.354 0.305 0.354 0.305 0.349 0.305 0.349 0.309 0.351 0.309 0.351 0.309 0.355 0.309 0.356 0.308 0.357 0.308 0.357 0.308 0.358 0.308 0.358 0.309 0.358 0.309 0.358 0.309 0.359 0.309 0.36 0.31 0.36 0.313 0.36 0.313 0.36 0.314 0.361 0.315 0.361 0.315 0.362 0.316 0.362 0.316 0.363 0.317 0.363 0.317 0.364 0.318 0.364 0.318 0.365 0.319 0.365 0.325 0.365 0.325 0.365 0.326 0.365 0.327 0.365 0.329 0.365 0.329 0.365 0.334 0.365 0.334 0.367 0.334 0.367 0.32 0.366 0.319 0.366 0.319 0.367 0.318 0.368 0.318 0.369 0.319 0.369 0.335 0.369 0.335 0.369 0.335 0.37 0.334 0.37 0.334 0.37 0.332 0.37 0.332 0.37 0.319 0.37 0.319 0.371 0.319 0.371 0.318 0.372 0.319 0.372 0.333 0.372 0.334 0.373 0.334 0.373 0.334 0.373 0.334 0.373 0.33 0.373 0.329 0.373 0.319 0.373 0.318 0.375 0.318 0.375 0.319 0.375 0.325 0.375 0.326 0.375 0.334 0.375 0.334 0.376 0.334 0.376 0.334 0.376 0.319 0.376 0.319 0.377 0.319 0.377 0.319 0.377 0.33 0.378 0.33 0.378 0.334 0.379 0.334 0.379 0.333 0.379 0.333 0.379 0.332 0.379 0.331 0.379 0.32 0.379 0.319 0.379 0.319 0.379 0.318 0.38 0.318 0.381 0.319 0.381 0.333 0.381 0.333 0.381 0.334 0.381 0.334 0.382 0.334 0.382 0.334 0.382 0.334 0.382 0.319 0.383 0.319 0.383 0.319 0.384 0.32 0.384 0.334 0.384 0.334 0.385 0.334 0.385 0.334 0.385 0.334 0.385 0.332 0.386 0.331 0.386 0.323 0.385 0.322 0.385 0.319 0.386 0.318 0.387 0.318 0.387 0.319 0.387 0.325 0.387 0.325 0.387 0.334 0.387 0.334 0.388 0.334 0.388 0.319 0.388 0.318 0.389 0.318 0.39 0.319 0.39 0.322 0.39 0.323 0.39 0.334 0.39 0.334 0.39 0.335 0.391 0.335 0.391 0.334 0.391 0.331 0.392 0.331 0.392 0.326 0.391 0.326 0.391 0.319 0.392 0.319 0.392 0.319 0.393 0.319 0.393 0.331 0.393 0.331 0.393 0.333 0.393 0.334 0.393 0.334 0.394 0.334 0.395 0.334 0.395 0.334 0.395 0.332 0.395 0.331 0.395 0.319 0.395 0.318 0.396 0.318 0.396 0.319 0.396 0.326 0.396 0.326 0.396 0.334 0.397 0.334 0.397 0.334 0.398 0.334 0.398 0.332 0.398 0.332 0.398 0.329 0.398 0.329 0.398 0.319 0.398 0.318 0.399 0.318 0.399 0.319 0.399 0.331 0.399 0.332 0.399 0.334 0.4 0.334 0.401 0.333 0.401 0.327 0.4 0.327 0.4 0.319 0.401 0.319 0.402 0.319 0.402 0.319 0.402 0.329 0.402 0.329 0.402 0.334 0.403 0.334 0.404 0.333 0.404 0.325 0.403 0.325 0.403 0.319 0.404 0.318 0.405 0.318 0.405 0.319 0.405 0.327 0.405 0.327 0.405 0.333 0.406 0.334 0.406 0.334 0.407 0.333 0.407 0.334 0.407 0.331 0.407 0.33 0.407 0.319 0.407 0.319 0.408 0.319 0.408 0.319 0.408 0.333 0.409 0.333 0.409 0.334 0.409 0.334 0.41 0.334 0.41 0.334 0.41 0.319 0.41 0.319 0.411 0.319 0.411 0.319 0.411 0.33 0.411 0.331 0.411 0.334 0.413 0.334 0.413 0.319 0.413 0.318 0.414 0.318 0.414 0.319 0.414 0.328 0.414 0.329 0.414 0.334 0.416 0.334 0.416 0.333 0.416 0.332 0.416 0.332 0.416 0.319 0.416 0.319 0.417 0.319 0.417 0.319 0.417 0.334 0.418 0.334 0.419 0.334 0.419 0.334 0.419 0.319 0.419 0.318 0.42 0.318 0.42 0.319 0.42 0.324 0.42 0.324 0.42 0.332 0.421 0.332 0.421 0.334 0.421 0.335 0.422 0.334 0.422 0.332 0.422 0.332 0.422 0.321 0.422 0.321 0.422 0.319 0.422 0.319 0.423 0.319 0.423 0.319 0.423 0.329 0.423 0.33 0.423 0.334 0.424 0.334 0.424 0.334 0.424 0.334 0.425 0.334 0.425 0.319 0.425 0.319 0.425 0.318 0.426 0.318 0.426 0.319 0.426 0.333 0.427 0.334 0.428 0.334 0.428 0.333 0.428 0.332 0.428 0.325 0.428 0.324 0.428 0.319 0.428 0.318 0.429 0.318 0.429 0.319 0.429 0.332 0.43 0.332 0.43 0.333 0.43 0.334 0.431 0.334 0.431 0.333 0.431 0.333 0.431 0.333 0.431 0.322 0.431 0.322 0.431 0.319 0.431 0.318 0.432 0.318 0.433 0.319 0.433 0.324 0.433 0.325 0.433 0.333 0.433 0.334 0.434 0.334 0.434 0.333 0.434 0.333 0.434 0.332 0.434 0.32 0.434 0.32 0.434 0.319 0.434 0.318 0.435 0.318 0.435 0.319 0.435 0.322 0.436 0.322 0.436 0.334 0.437 0.334 0.437 0.333 0.437 0.333 0.437 0.326 0.437 0.326 0.437 0.319 0.437 0.319 0.438 0.319 0.438 0.319 0.438 0.333 0.439 0.333 0.439 0.334 0.44 0.334 0.44 0.333 0.44 0.324 0.44 0.323 0.44 0.32 0.441 0.319 0.441 0.319 0.441 0.319 0.442 0.32 0.442 0.333 0.442 0.333 0.442 0.334 0.443 0.334 0.443 0.333 0.443 0.332 0.444 0.332 0.444 0.329 0.443 0.329 0.443 0.319 0.444 0.319 0.444 0.319 0.445 0.319 0.445 0.332 0.445 0.332 0.445 0.334 0.445 0.334 0.446 0.334 0.446 0.334 0.446 0.334 0.446 0.333 0.446 0.327 0.446 0.327 0.446 0.319 0.446 0.318 0.447 0.318 0.447 0.319 0.447 0.321 0.448 0.321 0.448 0.333 0.448 0.334 0.448 0.334 0.449 0.334 0.449 0.334 0.449 0.318 0.45 0.318 0.45 0.318 0.45 0.318 0.45 0.319 0.451 0.32 0.451 0.332 0.451 0.332 0.451 0.334 0.452 0.335 0.452 0.334 0.452 0.333 0.453 0.333 0.453 0.331 0.452 0.33 0.452 0.319 0.453 0.319 0.453 0.319 0.454 0.319 0.454 0.325 0.454 0.325 0.454 0.333 0.454 0.334 0.454 0.334 0.455 0.334 0.456 0.333 0.456 0.329 0.455 0.328 0.455 0.319 0.456 0.318 0.457 0.318 0.457 0.319 0.457 0.331 0.457 0.331 0.457 0.334 0.458 0.335 0.458 0.335 0.458 0.32 0.459 0.319 0.459 0.319 0.459 0.319 0.46 0.319 0.46 0.328 0.46 0.329 0.46 0.334 0.46 0.334 0.46 0.335 0.461 0.335 0.461 0.334 0.462 0.334 0.462 0.334 0.462 0.333 0.462 0.333 0.462 0.324 0.462 0.324 0.462 0.319 0.462 0.318 0.462 0.317 0.463 0.316 0.463 0.316 0.464 0.314 0.464 0.314 0.464 0.313 0.464 0.313 0.464 0.313 0.465 0.312 0.465 0.311 0.465 0.31 0.466 0.31 0.466 0.31 0.466 0.309 0.466 0.308 0.467 0.307 0.474 0.307 0.475 0.308 0.475 0.308 0.476 0.308 0.476 0.308 0.477 0.308 0.477 0.307 0.478 0.307 0.478 0.307 0.479 0.307 0.479 0.306 0.478 0.305 0.478 0.305 0.478 0.306 0.475 0.306 0.474 0.306 0.474 0.306 0.472 0.306 0.471 0.306 0.471 0.306 0.47 0.305 0.47 0.305 0.47 0.305 0.47 0.304 0.47 0.303 0.47 0.303 0.473 0.303 0.473 0.302 0.475 0.302 0.475 0.303 0.477 0.303 0.478 0.303 0.478 0.303 0.478 0.302 0.479 0.302 0.479 0.301 0.478 0.301 0.478 0.301 0.478 0.301 0.474 0.301 0.474 0.301 0.47 0.301 0.47 0.3 0.47 0.3 0.469 0.3 0.469 0.299 0.47 0.298 0.47 0.298 0.47 0.298 0.471 0.298 0.472 0.298 0.475 0.298 0.475 0.298 0.476 0.299 0.476 0.299 0.477 0.298 0.477 0.298 0.478 0.298 0.478 0.297 0.477 0.296 0.476 0.296 0.476 0.297 0.473 0.297 0.472 0.296 0.472 0.296 0.471 0.297 0.47 0.297 0.469 0.295 0.469 0.295 0.47 0.294 0.474 0.294 0.474 0.294 0.475 0.294 0.475 0.294 0.478 0.294 0.478 0.294 0.478 0.292 0.471 0.292 0.47 0.292 0.47 0.292 0.469 0.291 0.469 0.29 0.47 0.289 0.473 0.289 0.474 0.289 0.474 0.289 0.475 0.289 0.475 0.289 0.475 0.29 0.476 0.29 0.477 0.289 0.477 0.289 0.478 0.288 0.478 0.288 0.478 0.288 0.478 0.288 0.477 0.288 0.475 0.288 0.474 0.288 0.474 0.288 0.474 0.288 0.47 0.288 0.47 0.287 0.468 0.287 0.467 0.286 0.467 0.286 0.468 0.285 0.475 0.285 0.475 0.285 0.476 0.285 0.476 0.285 0.477 0.285 0.477 0.285 0.477 0.285 0.478 0.285 0.478 0.285 0.479 0.284 0.479 0.283 0.478 0.283 0.477 0.283 0.476 0.283 0.474 0.283 0.474 0.283 0.47 0.283 0.47 0.282 0.468 0.282 0.468 0.282 0.468 0.282 0.467 0.282 0.467 0.281 0.468 0.281 0.47 0.281 0.47 0.28 0.471 0.28 0.471 0.281 0.473 0.281 0.474 0.28 0.475 0.28 0.476 0.281 0.476 0.281 0.477 0.281 0.478 0.281 0.478 0.28 0.478 0.279 0.478 0.279 0.475 0.279 0.474 0.279 0.474 0.279 0.47 0.279 0.47 0.278 0.47 0.278 0.47 0.278 0.469 0.278 0.469 0.277 0.469 0.277 0.469 0.276 0.47 0.276 0.47 0.276 0.474 0.276 0.474 0.276 0.475 0.276 0.477 0.276 0.477 0.276 0.477 0.276 0.478 0.276 0.478 0.276 0.479 0.276 0.479 0.275 0.478 0.274 0.475 0.274 0.474 0.275 0.47 0.275 0.47 0.274 0.468 0.274 0.468 0.273 0.467 0.273 0.467 0.273 0.467 0.272 0.467 0.272 0.47 0.272 0.47 0.271 0.475 0.271 0.475 0.272 0.478 0.272 0.479 0.271 0.479 0.27 0.478 0.27 0.478 0.269 0.477 0.269 0.477 0.27 0.47 0.27 0.47 0.269 0.468 0.269 0.467 0.269 0.467 0.268 0.468 0.267 0.473 0.267 0.474 0.267 0.474 0.267 0.475 0.268 0.477 0.268 0.478 0.267 0.478 0.267 0.478 0.265 0.476 0.265 0.476 0.266 0.475 0.266 0.475 0.265 0.474 0.266 0.474 0.266 0.474 0.266 0.473 0.265 0.473 0.265 0.472 0.266 0.47 0.266 0.47 0.265 0.468 0.265 0.467 0.264 0.467 0.263 0.468 0.263 0.471 0.263 0.472 0.263 0.478 0.263 0.478 0.263 0.478 0.262 0.477 0.261 0.477 0.261 0.477 0.261 0.475 0.261 0.475 0.261 0.474 0.262 0.474 0.262 0.474 0.261 0.47 0.261 0.47 0.26 0.469 0.26 0.469 0.26 0.469 0.259 0.469 0.259 0.47 0.259 0.47 0.258 0.471 0.258 0.471 0.258 0.474 0.258 0.475 0.259 0.475 0.259 0.475 0.258 0.478 0.258 0.478 0.257 0.478 0.257 0.477 0.256 0.475 0.256 0.474 0.257 0.474 0.257 0.473 0.256 0.47 0.256 0.47 0.256 0.468 0.256 0.468 0.256 0.467 0.256 0.467 0.255 0.467 0.255 0.467 0.254 0.468 0.254 0.468 0.254 0.47 0.254 0.471 0.254 0.473 0.254 0.474 0.253 0.474 0.254 0.475 0.254 0.475 0.254 0.477 0.254 0.477 0.254 0.478 0.254 0.478 0.253 0.477 0.253 0.477 0.252 0.475 0.252 0.475 0.253 0.474 0.253 0.473 0.252 0.47 0.252 0.47 0.252 0.47 0.251 0.47 0.251 0.469 0.251 0.469 0.25 0.47 0.25 0.473 0.25 0.474 0.249 0.475 0.25 0.478 0.25 0.478 0.249 0.478 0.249 0.478 0.248 0.477 0.248 0.476 0.248 0.476 0.248 0.474 0.248 0.473 0.248 0.47 0.248 0.47 0.247 0.469 0.247 0.469 0.247 0.469 0.247 0.468 0.247 0.467 0.246 0.467 0.246 0.468 0.245 0.472 0.245 0.472 0.245 0.474 0.245 0.474 0.244 0.475 0.245 0.475 0.245 0.476 0.245 0.477 0.245 0.477 0.245 0.478 0.245 0.478 0.244 0.478 0.244 0.477 0.243 0.477 0.243 0.477 0.244 0.476 0.244 0.476 0.244 0.475 0.244 0.474 0.244 0.474 0.243 0.47 0.243 0.47 0.244 0.47 0.244 0.469 0.243 0.468 0.243 0.467 0.242 0.467 0.241 0.468 0.24 0.471 0.24 0.471 0.241 0.474 0.241 0.474 0.24 0.475 0.24 0.476 0.24 0.476 0.241 0.478 0.241 0.478 0.24 0.478 0.24 0.478 0.239 0.478 0.239 0.477 0.239 0.474 0.239 0.474 0.238 0.472 0.238 0.472 0.239 0.47 0.239 0.47 0.238 0.47 0.238 0.469 0.238 0.467 0.238 0.467 0.237 0.467 0.237 0.468 0.236 0.47 0.236 0.47 0.237 0.473 0.237 0.473 0.236 0.475 0.236 0.476 0.237 0.476 0.236 0.478 0.236 0.478 0.236 0.478 0.235 0.478 0.235 0.478 0.234 0.477 0.235 0.474 0.235 0.474 0.234 0.47 0.234 0.469 0.233 0.469 0.233 0.468 0.234 0.468 0.234 0.467 0.233 0.467 0.232 0.468 0.231 0.47 0.231 0.47 0.232 0.478 0.232 0.478 0.231 0.478 0.231 0.478 0.231 0.478 0.23 0.477 0.23 0.475 0.23 0.474 0.231 0.474 0.231 0.474 0.23 0.472 0.23 0.472 0.23 0.472 0.23 0.47 0.23 0.47 0.23 0.47 0.23 0.47 0.229 0.469 0.229 0.469 0.229 0.469 0.228 0.47 0.227 0.47 0.228 0.47 0.228 0.47 0.227 0.475 0.227 0.475 0.228 0.476 0.228 0.477 0.227 0.477 0.228 0.477 0.228 0.478 0.227 0.478 0.227 0.478 0.226 0.478 0.225 0.477 0.226 0.477 0.225 0.476 0.225 0.476 0.226 0.474 0.226 0.474 0.225 0.47 0.225 0.47 0.225 0.47 0.225 0.469 0.224 0.469 0.224 0.469 0.223 0.474 0.223 0.474 0.223 0.475 0.223 0.475 0.223 0.476 0.223 0.476 0.223 0.477 0.223 0.477 0.223 0.478 0.223 0.478 0.223 0.478 0.221 0.478 0.221 0.478 0.221 0.477 0.221 0.477 0.221 0.47 0.221 0.47 0.22 0.47 0.22 0.469 0.22 0.469 0.219 0.47 0.219 0.47 0.219 0.47 0.218 0.474 0.218 0.474 0.218 0.475 0.218 0.477 0.218 0.477 0.218 0.478 0.218 0.478 0.217 0.477 0.217 0.477 0.217 0.475 0.217 0.474 0.218 0.474 0.217 0.472 0.217 0.472 0.217 0.472 0.217 0.471 0.217 0.47 0.217 0.47 0.217 0.47 0.217 0.469 0.215 0.469 0.215 0.469 0.214 0.47 0.214 0.47 0.214 0.471 0.214 0.472 0.214 0.472 0.214 0.472 0.214 0.474 0.214 0.475 0.214 0.477 0.214 0.477 0.214 0.477 0.212 0.477 0.212 0.477 0.212 0.476 0.212 0.474 0.212 0.474 0.213 0.474 0.212 0.47 0.212 0.47 0.212 0.47 0.212 0.469 0.211 0.469 0.21 0.469 0.21 0.473 0.21 0.474 0.209 0.475 0.209 0.475 0.21 0.476 0.21 0.477 0.21 0.477 0.21 0.478 0.209 0.478 0.208 0.477 0.208 0.477 0.208 0.475 0.208 0.474 0.208 0.474 0.208 0.47 0.208 0.47 0.207 0.468 0.207 0.467 0.206 0.467 0.205 0.467 0.205 0.473 0.205 0.474 0.205 0.475 0.205 0.475 0.205 0.478 0.205 0.478 0.205 0.478 0.205 0.478 0.204 0.478 0.204 0.478 0.203 0.475 0.203 0.474 0.204 0.47 0.204 0.469 0.203 0.468 0.203 0.468 0.203 0.468 0.203 0.467 0.202 0.467 0.201 0.468 0.2 0.471 0.2 0.471 0.2 0.472 0.2 0.472 0.201 0.473 0.201 0.473 0.2 0.474 0.2 0.475 0.201 0.475 0.2 0.475 0.201 0.477 0.201 0.477 0.2 0.477 0.199 0.477 0.199 0.477 0.199 0.476 0.199 0.475 0.199 0.474 0.199 0.474 0.199 0.474 0.199 0.47 0.199 0.47 0.199 0.47 0.199 0.469 0.198 0.468 0.198 0.468 0.198 0.467 0.198 0.467 0.197 0.467 0.197 0.467 0.196 0.47 0.196 0.471 0.197 0.473 0.197 0.473 0.196 0.474 0.196 0.474 0.196 0.475 0.196 0.475 0.197 0.477 0.197 0.478 0.196 0.478 0.196 0.478 0.196 0.478 0.195 0.478 0.195 0.478 0.195 0.478 0.194 0.475 0.194 0.475 0.195 0.474 0.195 0.474 0.195 0.474 0.195 0.473 0.194 0.471 0.194 0.471 0.195 0.47 0.195 0.469 0.194 0.467 0.194 0.467 0.193 0.467 0.192 0.467 0.192 0.47 0.192 0.471 0.192 0.473 0.192 0.474 0.191 0.474 0.192 0.475 0.192 0.475 0.192 0.478 0.192 0.478 0.191 0.478 0.191 0.478 0.19 0.477 0.19 0.476 0.19 0.475 0.19 0.475 0.191 0.474 0.191 0.473 0.19 0.47 0.19 0.47 0.19 0.47 0.189 0.469 0.189 0.469 0.189 0.469 0.188 0.47 0.187 0.473 0.187 0.474 0.187 0.474 0.187 0.474 0.187 0.475 0.187 0.476 0.188 0.476 0.187 0.478 0.187 0.478 0.186 0.478 0.186 0.478 0.186 0.477 0.185 0.477 0.186 0.474 0.186 0.474 0.186 0.473 0.186 0.473 0.186 0.47 0.186 0.469 0.185 0.469 0.185 0.468 0.185 0.468 0.185 0.467 0.185 0.467 0.184 0.467 0.184 0.467 0.183 0.468 0.183 0.468 0.183 0.474 0.183 0.474 0.182 0.474 0.182 0.475 0.183 0.478 0.183 0.479 0.182 0.479 0.182 0.479 0.181 0.478 0.181 0.477 0.18 0.477 0.18 0.476 0.181 0.475 0.181 0.475 0.181 0.474 0.182 0.474 0.181 0.473 0.181 0.473 0.181 0.47 0.181 0.47 0.18 0.468 0.18 0.468 0.18 0.467 0.18 0.467 0.179 0.467 0.179 0.467 0.179 0.468 0.179 0.468 0.178 0.471 0.178 0.471 0.179 0.473 0.179 0.474 0.178 0.475 0.178 0.476 0.179 0.477 0.179 0.477 0.178 0.478 0.178 0.478 0.178 0.478 0.178 0.478 0.177 0.478 0.177 0.477 0.177 0.477 0.176 0.477 0.176 0.476 0.177 0.475 0.177 0.475 0.177 0.475 0.177 0.474 0.177 0.473 0.176 0.472 0.176 0.471 0.177 0.47 0.177 0.469 0.176 0.467 0.176 0.467 0.175 0.467 0.174 0.467 0.174 0.467 0.174 0.468 0.173 0.47 0.173 0.471 0.174 0.472 0.174 0.472 0.174 0.473 0.174 0.474 0.173 0.474 0.173 0.475 0.174 0.477 0.174 0.477 0.173 0.477 0.172 0.477 0.172 0.476 0.173 0.474 0.173 0.474 0.173 0.474 0.173 0.473 0.173 0.473 0.172 0.47 0.172 0.47 0.172 0.47 0.171 0.469 0.171 0.469 0.171 0.469 0.17 0.469 0.169 0.47 0.169 0.47 0.169 0.47 0.169 0.471 0.17 0.473 0.17 0.474 0.169 0.474 0.169 0.474 0.169 0.476 0.169 0.476 0.17 0.477 0.17 0.478 0.169 0.478 0.169 0.478 0.169 0.478 0.168 0.478 0.168 0.475 0.168 0.474 0.169 0.474 0.169 0.473 0.168 0.47 0.168 0.469 0.167 0.469 0.167 0.469 0.167 0.469 0.167 0.467 0.167 0.466 0.167 0.466 0.167 0.466 0.166 0.466 0.166 0.466 0.165 0.466 0.165 0.467 0.165 0.47 0.165 0.47 0.165 0.473 0.165 0.474 0.164 0.474 0.164 0.475 0.165 0.476 0.165 0.476 0.166 0.477 0.166 0.478 0.165 0.478 0.165 0.478 0.165 0.479 0.165 0.479 0.164 0.478 0.163 0.476 0.163 0.476 0.164 0.474 0.164 0.474 0.164 0.474 0.164 0.473 0.164 0.473 0.163 0.47 0.163 0.469 0.162 0.467 0.162 0.467 0.162 0.467 0.161 0.467 0.161 0.467 0.16 0.467 0.16 0.468 0.16 0.474 0.16 0.475 0.161 0.477 0.161 0.478 0.16 0.478 0.16 0.478 0.16 0.478 0.159 0.473 0.159 0.473 0.159 0.467 0.159 0.467 0.158 0.467 0.157 0.467 0.156 0.473 0.156 0.473 0.156 0.475 0.156 0.475 0.156 0.476 0.156 0.476 0.157 0.477 0.157 0.477 0.156 0.477 0.156 0.478 0.156 0.478 0.156 0.478 0.155 0.479 0.155 0.478 0.155 0.477 0.154 0.474 0.154 0.474 0.155 0.474 0.155 0.473 0.154 0.47 0.154 0.47 0.154 0.47 0.154 0.469 0.154 0.467 0.154 0.467 0.153 0.467 0.153 0.467 0.152 0.473 0.152 0.473 0.151 0.474 0.151 0.475 0.152 0.475 0.152 0.476 0.151 0.476 0.151 0.477 0.152 0.478 0.151 0.478 0.151 0.479 0.151 0.478 0.151 0.478 0.15 0.478 0.15 0.477 0.15 0.476 0.15 0.476 0.15 0.476 0.15 0.475 0.15 0.475 0.15 0.475 0.15 0.474 0.15 0.474 0.151 0.473 0.151 0.473 0.151 0.47 0.151 0.47 0.15 0.47 0.149 0.468 0.149 0.467 0.148 0.467 0.148 0.468 0.147 0.47 0.147 0.471 0.147 0.473 0.147 0.473 0.147 0.474 0.147 0.474 0.147 0.475 0.147 0.476 0.147 0.476 0.147 0.476 0.147 0.477 0.147 0.477 0.147 0.478 0.147 0.478 0.147 0.478 0.147 0.478 0.146 0.478 0.146 0.477 0.145 0.476 0.145 0.476 0.146 0.475 0.146 0.474 0.146 0.474 0.146 0.474 0.147 0.473 0.146 0.47 0.146 0.47 0.145 0.47 0.145 0.469 0.145 0.469 0.145 0.469 0.144 0.469 0.144 0.469 0.143 0.469 0.143 0.47 0.143 0.473 0.143 0.473 0.142 0.474 0.142 0.475 0.143 0.476 0.143 0.476 0.143 0.478 0.143 0.478 0.142 0.478 0.141 0.477 0.141 0.477 0.141 0.476 0.141 0.475 0.141 0.475 0.141 0.475 0.141 0.474 0.141 0.473 0.141 0.473 0.141 0.471 0.141 0.471 0.141 0.47 0.141 0.47 0.141 0.47 0.141 0.469 0.141 0.469 0.14 0.469 0.139 0.469 0.138 0.47 0.138 0.47 0.139 0.47 0.139 0.471 0.139 0.471 0.139 0.471 0.139 0.474 0.139 0.474 0.138 0.474 0.139 0.477 0.139 0.478 0.137 0.478 0.137 0.478 0.137 0.477 0.136 0.477 0.136 0.476 0.137 0.475 0.137 0.474 0.137 0.473 0.137 0.473 0.136 0.472 0.136 0.471 0.137 0.471 0.137 0.471 0.136 0.47 0.137 0.47 0.137 0.47 0.136 0.469 0.136 0.469 0.135 0.469 0.135 0.47 0.134 0.47 0.134 0.47 0.135 0.471 0.135 0.472 0.135 0.472 0.135 0.473 0.135 0.474 0.133 0.474 0.134 0.477 0.134 0.478 0.133 0.478 0.133 0.478 0.133 0.477 0.133 0.477 0.132 0.476 0.132 0.476 0.133 0.475 0.133 0.475 0.132 0.474 0.132 0.474 0.133 0.473 0.133 0.473 0.132 0.472 0.132 0.472 0.132 0.472 0.132 0.471 0.132 0.471 0.132 0.471 0.132 0.47 0.132 0.469 0.131 0.469 0.13 0.47 0.129 0.47 0.129 0.47 0.13 0.471 0.13 0.471 0.13 0.471 0.13 0.472 0.13 0.472 0.13 0.472 0.13 0.473 0.13 0.474 0.129 0.474 0.129 0.475 0.129 0.476 0.13 0.476 0.13 0.476 0.129 0.477 0.129 0.478 0.128 0.478 0.128 0.474 0.128 0.474 0.128 0.473 0.128 0.473 0.128 0.47 0.128 0.47 0.127 0.469 0.127 0.469 0.127 0.469 0.126 0.469 0.125 0.47 0.125 0.47 0.125 0.471 0.125 0.471 0.126 0.472 0.126 0.472 0.125 0.473 0.126 0.473 0.125 0.473 0.125 0.474 0.125 0.474 0.125 0.477 0.125 0.477 0.125 0.477 0.123 0.475 0.123 0.475 0.124 0.473 0.124 0.473 0.123 0.473 0.123 0.47 0.123 0.47 0.122 0.469 0.122 0.469 0.122 0.469 0.122 0.47 0.121 0.47 0.121 0.471 0.121 0.471 0.122 0.471 0.122 0.472 0.121 0.472 0.122 0.473 0.121 0.473 0.121 0.474 0.12 0.474 0.121 0.477 0.121 0.477 0.12 0.477 0.119 0.474 0.119 0.474 0.12 0.473 0.119 0.473 0.119 0.472 0.118 0.471 0.118 0.471 0.119 0.47 0.119 0.469 0.118 0.469 0.118 0.469 0.117 0.469 0.117 0.469 0.116 0.469 0.116 0.47 0.115 0.47 0.116 0.473 0.116 0.473 0.116 0.474 0.116 0.474 0.116 0.476 0.116 0.477 0.116 0.477 0.116 0.477 0.115 0.474 0.115 0.473 0.114 0.47 0.114 0.469 0.113 0.469 0.112 0.469 0.112 0.47 0.112 0.47 0.112 0.471 0.112 0.472 0.113 0.472 0.112 0.472 0.112 0.473 0.111 0.474 0.111 0.474 0.112 0.475 0.112 0.475 0.112 0.476 0.112 0.476 0.112 0.477 0.112 0.477 0.112 0.478 0.111 0.478 0.111 0.478 0.111 0.477 0.11 0.474 0.11 0.473 0.111 0.472 0.109 0.472 0.109 0.471 0.109 0.471 0.109 0.472 0.107 0.473 0.107 0.474 0.107 0.474 0.107 0.474 0.107 0.475 0.107 0.475 0.107 0.476 0.107 0.476 0.108 0.477 0.108 0.477 0.107 0.477 0.107 0.478 0.107 0.478 0.107 0.478 0.106 0.478 0.106 0.477 0.105 0.477 0.104 0.475 0.104 0.475 0.105 0.474 0.105 0.474 0.106 0.471 0.106 0.471 0.107 0.47 0.108 0.469 0.106 0.469 0.105 0.469 0.105 0.468 0.105 0.468 0.104 0.467 0.104 0.466 0.103 0.466 0.103 0.466 0.102 0.466 0.1 0.466 0.099 0.466 0.097 0.465 0.096 0.465 0.096 0.465 0.096 0.464 0.096 0.464 0.095 0.464 0.095 0.463 0.095 0.463 0.095 0.462 0.094 0.462 0.094 0.461 0.093 0.461 0.085 0.461 0.084 0.461 0.079 0.461 0.079 0.46 0.079 0.459 0.079 0.459 0.079 0.459 0.079 0.459 0.081 0.459 0.081 0.459 0.093 0.459 0.094 0.458 0.094 0.457 0.093 0.457 0.086 0.457 0.085 0.457 0.08 0.457 0.08 0.457 0.079 0.457 0.079 0.456 0.079 0.456 0.079 0.456 0.094 0.456 0.094 0.455 0.094 0.454 0.094 0.454 0.089 0.454 0.089 0.454 0.079 0.453 0.079 0.453 0.079 0.453 0.093 0.452 0.094 0.452 0.094 0.451 0.093 0.451 0.092 0.451 0.091 0.451 0.079 0.451 0.079 0.45 0.079 0.45 0.079 0.45 0.079 0.45 0.094 0.449 0.095 0.448 0.095 0.448 0.094 0.448 0.084 0.448 0.083 0.448 0.079 0.447 0.078 0.447 0.078 0.447 0.079 0.446 0.079 0.446 0.091 0.447 0.092 0.447 0.095 0.446 0.095 0.445 0.095 0.445 0.095 0.445 0.082 0.445 0.082 0.445 0.079 0.444 0.079 0.444 0.094 0.444 0.095 0.444 0.095 0.442 0.095 0.442 0.095 0.442 0.085 0.442 0.084 0.442 0.079 0.441 0.079 0.441 0.079 0.44 0.08 0.44 0.089 0.441 0.09 0.441 0.095 0.44 0.096 0.439 0.096 0.439 0.095 0.439 0.088 0.439 0.087 0.439 0.079 0.438 0.079 0.437 0.08 0.437 0.092 0.438 0.093 0.438 0.094 0.437 0.095 0.436 0.095 0.436 0.094 0.436 0.09 0.436 0.09 0.436 0.079 0.435 0.078 0.435 0.079 0.435 0.079 0.435 0.079 0.435 0.08 0.434 0.081 0.434 0.087 0.435 0.088 0.435 0.094 0.434 0.095 0.434 0.095 0.433 0.094 0.433 0.094 0.433 0.093 0.433 0.079 0.433 0.079 0.432 0.079 0.431 0.08 0.431 0.09 0.432 0.09 0.432 0.095 0.431 0.095 0.43 0.095 0.43 0.095 0.43 0.089 0.43 0.088 0.43 0.079 0.429 0.079 0.429 0.079 0.428 0.079 0.428 0.093 0.429 0.094 0.429 0.094 0.428 0.095 0.427 0.095 0.427 0.094 0.427 0.084 0.426 0.083 0.426 0.079 0.425 0.079 0.425 0.08 0.425 0.08 0.425 0.088 0.425 0.089 0.425 0.093 0.425 0.094 0.424 0.094 0.424 0.093 0.424 0.087 0.423 0.086 0.423 0.079 0.422 0.079 0.422 0.091 0.423 0.091 0.423 0.094 0.422 0.095 0.421 0.095 0.421 0.094 0.421 0.09 0.421 0.089 0.421 0.079 0.42 0.079 0.419 0.079 0.419 0.094 0.42 0.094 0.419 0.095 0.418 0.095 0.417 0.094 0.417 0.079 0.417 0.079 0.416 0.079 0.416 0.079 0.416 0.08 0.416 0.081 0.416 0.081 0.416 0.082 0.416 0.094 0.416 0.095 0.415 0.095 0.415 0.094 0.415 0.088 0.414 0.087 0.414 0.08 0.414 0.079 0.413 0.079 0.413 0.084 0.413 0.085 0.413 0.094 0.413 0.095 0.412 0.095 0.412 0.094 0.412 0.09 0.411 0.09 0.411 0.08 0.411 0.079 0.41 0.079 0.41 0.087 0.41 0.088 0.41 0.094 0.41 0.094 0.409 0.094 0.409 0.094 0.409 0.086 0.408 0.085 0.408 0.079 0.407 0.079 0.407 0.079 0.407 0.09 0.407 0.09 0.407 0.095 0.407 0.095 0.405 0.095 0.405 0.095 0.405 0.079 0.405 0.079 0.404 0.078 0.404 0.079 0.404 0.079 0.404 0.085 0.404 0.086 0.404 0.094 0.404 0.095 0.403 0.095 0.402 0.094 0.402 0.084 0.402 0.083 0.402 0.079 0.4 0.079 0.4 0.081 0.401 0.081 0.401 0.094 0.4 0.094 0.4 0.094 0.399 0.094 0.399 0.087 0.399 0.086 0.399 0.079 0.399 0.079 0.399 0.078 0.398 0.078 0.398 0.079 0.398 0.083 0.398 0.084 0.398 0.094 0.398 0.094 0.396 0.094 0.396 0.094 0.396 0.08 0.396 0.08 0.395 0.08 0.395 0.086 0.395 0.087 0.395 0.094 0.395 0.094 0.394 0.094 0.394 0.095 0.393 0.095 0.393 0.094 0.393 0.079 0.393 0.079 0.392 0.079 0.392 0.079 0.392 0.079 0.391 0.079 0.391 0.082 0.392 0.082 0.391 0.083 0.391 0.094 0.391 0.095 0.39 0.095 0.39 0.094 0.39 0.08 0.39 0.08 0.39 0.079 0.388 0.079 0.388 0.094 0.388 0.095 0.388 0.095 0.387 0.095 0.387 0.095 0.387 0.083 0.387 0.083 0.387 0.079 0.386 0.079 0.385 0.08 0.386 0.08 0.386 0.081 0.385 0.082 0.385 0.082 0.385 0.086 0.385 0.087 0.385 0.094 0.385 0.095 0.384 0.095 0.384 0.094 0.384 0.08 0.384 0.08 0.383 0.079 0.383 0.079 0.383 0.08 0.382 0.08 0.382 0.083 0.383 0.083 0.383 0.094 0.382 0.095 0.381 0.095 0.381 0.094 0.381 0.079 0.38 0.079 0.38 0.079 0.38 0.079 0.379 0.079 0.379 0.083 0.379 0.083 0.379 0.092 0.379 0.092 0.379 0.093 0.379 0.094 0.378 0.094 0.378 0.093 0.378 0.079 0.376 0.079 0.376 0.094 0.376 0.094 0.375 0.094 0.375 0.094 0.375 0.079 0.374 0.079 0.373 0.08 0.373 0.083 0.374 0.084 0.374 0.091 0.373 0.092 0.373 0.095 0.373 0.096 0.372 0.096 0.372 0.095 0.372 0.08 0.371 0.08 0.371 0.079 0.371 0.079 0.37 0.08 0.37 0.094 0.37 0.094 0.369 0.094 0.369 0.094 0.369 0.091 0.368 0.091 0.368 0.09 0.369 0.089 0.369 0.088 0.368 0.087 0.368 0.08 0.368 0.079 0.367 0.079 0.367 0.08 0.367 0.084 0.367 0.085 0.367 0.09 0.367 0.09 0.367 0.094 0.367 0.095 0.366 0.095 0.366 0.094 0.366 0.09 0.365 0.09 0.365 0.089 0.366 0.089 0.366 0.088 0.365 0.088 0.365 0.079 0.365 0.078
1 0.341 0.076 0.341 0.078 0.34 0.079 0.34 0.082 0.341 0.082 0.341 0.084 0.352 0.084 0.352 0.083 0.352 0.079 0.352 0.079 0.352 0.076
1 0.314 0.088 0.314 0.095 0.314 0.096 0.314 0.096 0.324 0.096 0.324 0.089 0.324 0.088 0.324 0.088
0 0.283 0.234 0.283 0.242 0.283 0.242 0.283 0.244 0.294 0.244 0.294 0.234
0 0.283 0.218 0.283 0.226 0.294 0.226 0.294 0.218
0 0.234 0.249 0.234 0.257 0.244 0.257 0.244 0.249
0 0.232 0.231 0.232 0.24 0.232 0.24 0.233 0.241 0.244 0.241 0.244 0.231
1 0.191 0.237 0.191 0.244 0.192 0.244 0.192 0.244 0.192 0.245 0.203 0.245 0.203 0.237 0.202 0.237 0.202 0.237
0 0.182 0.183 0.182 0.196 0.182 0.196 0.183 0.196 0.183 0.197 0.195 0.197 0.195 0.183
1 0.208 0.178 0.208 0.186 0.22 0.186 0.22 0.178 0.22 0.178
1 0.196 0.149 0.196 0.166 0.196 0.166 0.197 0.167 0.197 0.167 0.22 0.167 0.22 0.157 0.22 0.156 0.22 0.152 0.219 0.152 0.219 0.152 0.219 0.149
0 0.157 0.146 0.157 0.154 0.169 0.154 0.169 0.147 0.169 0.147 0.169 0.146
19 0.157 0.188 0.157 0.197 0.169 0.197 0.169 0.188
19 0.157 0.172 0.157 0.18 0.157 0.18 0.158 0.181 0.158 0.181 0.17 0.181 0.17 0.172
0 0.277 0.075 0.277 0.083 0.288 0.083 0.288 0.075
0 0.242 0.083 0.242 0.084 0.243 0.085 0.243 0.092 0.254 0.092 0.254 0.083
0 0.243 0.1 0.243 0.109 0.254 0.109 0.254 0.1
8 0.246 0.176 0.245 0.176 0.244 0.176 0.244 0.177 0.244 0.178 0.244 0.178 0.244 0.179 0.242 0.179 0.242 0.178 0.241 0.178 0.24 0.179 0.24 0.179 0.24 0.179 0.24 0.179 0.24 0.18 0.24 0.18 0.24 0.181 0.24 0.181 0.24 0.182 0.24 0.183 0.241 0.183 0.241 0.184 0.242 0.183 0.243 0.183 0.244 0.184 0.244 0.186 0.243 0.187 0.241 0.187 0.24 0.187 0.24 0.188 0.24 0.188 0.24 0.188 0.239 0.189 0.239 0.189 0.24 0.19 0.24 0.191 0.24 0.191 0.24 0.192 0.241 0.192 0.241 0.192 0.243 0.192 0.244 0.192 0.244 0.196 0.243 0.196 0.24 0.196 0.24 0.198 0.24 0.198 0.24 0.2 0.241 0.201 0.242 0.201 0.242 0.201 0.243 0.201 0.244 0.202 0.244 0.203 0.243 0.204 0.243 0.205 0.243 0.205 0.242 0.205 0.241 0.205 0.241 0.205 0.241 0.205 0.24 0.205 0.24 0.209 0.241 0.21 0.242 0.21 0.243 0.209 0.244 0.211 0.244 0.211 0.244 0.212 0.256 0.212 0.256 0.212 0.256 0.211 0.256 0.211 0.257 0.21 0.259 0.21 0.259 0.209 0.259 0.209 0.259 0.208 0.26 0.208 0.26 0.208 0.26 0.206 0.26 0.206 0.259 0.206 0.259 0.205 0.259 0.205 0.256 0.205 0.256 0.205 0.256 0.202 0.257 0.201 0.257 0.201 0.257 0.201 0.258 0.201 0.259 0.201 0.259 0.2 0.26 0.199 0.26 0.199 0.26 0.199 0.26 0.198 0.259 0.197 0.259 0.197 0.259 0.197 0.259 0.196 0.256 0.196 0.256 0.196 0.256 0.195 0.256 0.194 0.256 0.192 0.256 0.192 0.258 0.192 0.258 0.192 0.259 0.192 0.259 0.191 0.26 0.19 0.26 0.189 0.259 0.188 0.259 0.188 0.259 0.187 0.256 0.187 0.256 0.186 0.256 0.184 0.256 0.183 0.256 0.183 0.257 0.183 0.257 0.183 0.259 0.183 0.259 0.183 0.259 0.183 0.259 0.18 0.259 0.179 0.259 0.179 0.258 0.179 0.258 0.178 0.257 0.178 0.257 0.179 0.256 0.177 0.256 0.176
3 0.167 0.29 0.166 0.291 0.166 0.291 0.166 0.296 0.167 0.296 0.167 0.297 0.167 0.297 0.168 0.297 0.168 0.299 0.167 0.3 0.167 0.301 0.167 0.302 0.166 0.302 0.166 0.306 0.167 0.306 0.167 0.306 0.173 0.306 0.173 0.305 0.174 0.305 0.174 0.302 0.174 0.302 0.175 0.302 0.175 0.297 0.173 0.297 0.173 0.297 0.173 0.293 0.173 0.292 0.173 0.291 0.173 0.29
1 0.403 0.354 0.403 0.37 0.404 0.371 0.41 0.371 0.41 0.354
0 0.414 0.355 0.414 0.364 0.415 0.365 0.415 0.372 0.42 0.372 0.42 0.372 0.421 0.372 0.421 0.362 0.421 0.361 0.421 0.355
0 0.427 0.39 0.427 0.391 0.423 0.391 0.423 0.4 0.423 0.4 0.423 0.408 0.428 0.408 0.429 0.407 0.429 0.407 0.429 0.397 0.429 0.397 0.429 0.39
0 0.437 0.394 0.436 0.394 0.435 0.394 0.435 0.41 0.438 0.41 0.439 0.41 0.44 0.41 0.44 0.397 0.44 0.396 0.44 0.394
0 0.46 0.394 0.46 0.394 0.459 0.394 0.459 0.401 0.459 0.402 0.459 0.41 0.466 0.41 0.466 0.399 0.465 0.399 0.465 0.394
0 0.442 0.363 0.442 0.364 0.442 0.364 0.442 0.369 0.442 0.37 0.442 0.379 0.445 0.379 0.445 0.378 0.448 0.378 0.448 0.363
0 0.431 0.477 0.431 0.478 0.43 0.478 0.43 0.478 0.43 0.494 0.437 0.494 0.437 0.494 0.437 0.492 0.437 0.492 0.437 0.477
0 0.466 0.478 0.466 0.494 0.471 0.494 0.471 0.485 0.471 0.485 0.471 0.478
0 0.466 0.514 0.466 0.518 0.466 0.519 0.466 0.531 0.469 0.531 0.47 0.53 0.472 0.53 0.472 0.514
0 0.419 0.515 0.419 0.517 0.419 0.518 0.419 0.524 0.43 0.524 0.43 0.515
0 0.396 0.537 0.396 0.545 0.399 0.545 0.4 0.545 0.407 0.545 0.407 0.54 0.407 0.54 0.407 0.537
1 0.385 0.559 0.385 0.569 0.396 0.569 0.395 0.568 0.395 0.559
1 0.36 0.574 0.36 0.575 0.36 0.575 0.36 0.583 0.36 0.583 0.36 0.587 0.374 0.587 0.374 0.574
1 0.311 0.599 0.311 0.6 0.311 0.608 0.322 0.608 0.322 0.6 0.322 0.599
1 0.311 0.616 0.311 0.624 0.322 0.624 0.322 0.616
0 0.268 0.599 0.268 0.608 0.28 0.608 0.28 0.599
0 0.269 0.615 0.269 0.625 0.28 0.625 0.28 0.615
1 0.295 0.603 0.295 0.604 0.295 0.604 0.295 0.615 0.295 0.615 0.295 0.62 0.301 0.62 0.301 0.619 0.301 0.603
0 0.22 0.503 0.22 0.504 0.22 0.504 0.22 0.505 0.22 0.52 0.226 0.52 0.226 0.503
0 0.122 0.758 0.122 0.759 0.121 0.759 0.121 0.767 0.133 0.767 0.133 0.758
19 0.593 0.762 0.593 0.779 0.6 0.779 0.6 0.779 0.6 0.763 0.6 0.763 0.6 0.762
4 0.118 0.1 0.118 0.1 0.109 0.1 0.107 0.103 0.107 0.103 0.105 0.105 0.105 0.105 0.105 0.106 0.104 0.106 0.104 0.106 0.104 0.107 0.104 0.107 0.103 0.108 0.103 0.108 0.103 0.109 0.103 0.109 0.103 0.109 0.101 0.111 0.101 0.112 0.101 0.113 0.1 0.113 0.1 0.114 0.1 0.114 0.1 0.115 0.1 0.115 0.1 0.125 0.1 0.126 0.1 0.126 0.1 0.142 0.101 0.143 0.101 0.152 0.1 0.152 0.1 0.153 0.1 0.153 0.1 0.153 0.099 0.154 0.08 0.154 0.08 0.154 0.075 0.154 0.075 0.154 0.075 0.154 0.074 0.154 0.074 0.154 0.073 0.154 0.072 0.155 0.072 0.155 0.071 0.155 0.071 0.156 0.071 0.156 0.071 0.157 0.071 0.158 0.071 0.158 0.071 0.159 0.071 0.16 0.072 0.16 0.072 0.16 0.073 0.16 0.073 0.16 0.074 0.16 0.074 0.161 0.074 0.161 0.075 0.161 0.075 0.161 0.075 0.162 0.078 0.162 0.078 0.161 0.096 0.161 0.096 0.161 0.1 0.161 0.101 0.162 0.101 0.174 0.1 0.176 0.086 0.176 0.085 0.176 0.078 0.176 0.078 0.176 0.074 0.176 0.074 0.176 0.073 0.176 0.073 0.177 0.073 0.177 0.072 0.177 0.072 0.177 0.071 0.178 0.071 0.181 0.072 0.181 0.072 0.181 0.072 0.182 0.073 0.182 0.073 0.183 0.074 0.183 0.074 0.184 0.089 0.184 0.089 0.183 0.1 0.183 0.1 0.184 0.101 0.184 0.101 0.184 0.101 0.197 0.1 0.198 0.09 0.198 0.09 0.199 0.089 0.199 0.089 0.198 0.078 0.198 0.078 0.199 0.076 0.199 0.075 0.199 0.075 0.199 0.074 0.199 0.072 0.199 0.072 0.2 0.072 0.2 0.072 0.2 0.071 0.201 0.072 0.201 0.072 0.202 0.071 0.203 0.071 0.203 0.072 0.204 0.072 0.204 0.073 0.205 0.073 0.205 0.074 0.205 0.075 0.205 0.076 0.206 0.093 0.206 0.094 0.205 0.1 0.205 0.1 0.206 0.101 0.206 0.101 0.206 0.101 0.208 0.101 0.208 0.101 0.219 0.101 0.22 0.101 0.22 0.101 0.22 0.1 0.221 0.088 0.221 0.088 0.221 0.088 0.221 0.076 0.221 0.075 0.221 0.074 0.221 0.074 0.222 0.074 0.222 0.073 0.222 0.072 0.222 0.072 0.223 0.072 0.224 0.072 0.224 0.072 0.226 0.072 0.226 0.072 0.227 0.073 0.227 0.073 0.227 0.073 0.227 0.074 0.228 0.074 0.228 0.075 0.228 0.075 0.228 0.076 0.229 0.091 0.229 0.091 0.228 0.101 0.228 0.101 0.229 0.101 0.235 0.101 0.236 0.101 0.241 0.101 0.242 0.101 0.242 0.101 0.243 0.101 0.242 0.092 0.242 0.092 0.243 0.077 0.243 0.077 0.243 0.076 0.243 0.076 0.244 0.075 0.244 0.074 0.244 0.074 0.244 0.073 0.244 0.073 0.244 0.072 0.245 0.072 0.246 0.072 0.246 0.072 0.248 0.073 0.249 0.073 0.249 0.074 0.25 0.074 0.25 0.074 0.25 0.075 0.25 0.075 0.25 0.076 0.25 0.076 0.251 0.082 0.251 0.083 0.25 0.1 0.25 0.101 0.25 0.101 0.251 0.101 0.254 0.101 0.254 0.101 0.263 0.102 0.263 0.101 0.265 0.077 0.265 0.077 0.266 0.077 0.266 0.077 0.266 0.075 0.266 0.075 0.267 0.075 0.267 0.074 0.267 0.073 0.267 0.073 0.268 0.072 0.268 0.072 0.271 0.073 0.271 0.073 0.272 0.074 0.272 0.074 0.273 0.075 0.273 0.075 0.273 0.077 0.273 0.077 0.274 0.079 0.274 0.079 0.273 0.097 0.273 0.097 0.273 0.101 0.273 0.102 0.274 0.102 0.286 0.101 0.288 0.077 0.288 0.077 0.288 0.077 0.288 0.076 0.288 0.075 0.288 0.075 0.289 0.074 0.289 0.074 0.289 0.073 0.289 0.073 0.291 0.072 0.291 0.072 0.292 0.073 0.292 0.073 0.293 0.073 0.294 0.074 0.294 0.074 0.295 0.075 0.295 0.075 0.295 0.093 0.295 0.094 0.295 0.101 0.295 0.101 0.295 0.101 0.295 0.102 0.296 0.102 0.299 0.102 0.299 0.102 0.301 0.102 0.301 0.102 0.309 0.101 0.31 0.087 0.31 0.087 0.31 0.075 0.31 0.075 0.311 0.075 0.311 0.074 0.311 0.074 0.311 0.073 0.312 0.073 0.315 0.074 0.315 0.074 0.316 0.075 0.316 0.076 0.317 0.076 0.318 0.089 0.318 0.089 0.317 0.102 0.317 0.102 0.318 0.102 0.326 0.102 0.327 0.102 0.328 0.102 0.329 0.102 0.33 0.101 0.332 0.088 0.332 0.088 0.333 0.076 0.333 0.075 0.333 0.074 0.333 0.074 0.334 0.074 0.334 0.073 0.334 0.073 0.334 0.073 0.335 0.073 0.335 0.073 0.338 0.074 0.339 0.075 0.339 0.075 0.34 0.078 0.34 0.078 0.34 0.096 0.34 0.096 0.339 0.101 0.339 0.101 0.34 0.102 0.34 0.102 0.34 0.102 0.345 0.103 0.346 0.103 0.346 0.102 0.346 0.102 0.353 0.101 0.354 0.089 0.354 0.088 0.355 0.076 0.355 0.075 0.356 0.075 0.356 0.074 0.357 0.073 0.357 0.073 0.36 0.074 0.36 0.074 0.36 0.075 0.36 0.075 0.361 0.076 0.361 0.076 0.362 0.084 0.362 0.085 0.361 0.102 0.361 0.103 0.362 0.103 0.372 0.103 0.373 0.103 0.374 0.103 0.375 0.103 0.375 0.102 0.377 0.1 0.377 0.1 0.377 0.082 0.377 0.082 0.378 0.076 0.378 0.076 0.378 0.075 0.378 0.074 0.378 0.074 0.378 0.074 0.379 0.074 0.38 0.073 0.381 0.073 0.381 0.074 0.382 0.074 0.382 0.074 0.382 0.074 0.383 0.075 0.383 0.076 0.384 0.076 0.384 0.077 0.384 0.084 0.384 0.085 0.384 0.102 0.384 0.102 0.384 0.103 0.384 0.103 0.385 0.103 0.397 0.103 0.398 0.102 0.398 0.102 0.398 0.102 0.399 0.1 0.399 0.1 0.399 0.082 0.399 0.082 0.4 0.077 0.4 0.077 0.4 0.076 0.4 0.076 0.401 0.075 0.401 0.075 0.401 0.075 0.401 0.074 0.402 0.074 0.402 0.074 0.404 0.074 0.405 0.075 0.405 0.075 0.405 0.076 0.405 0.076 0.406 0.077 0.406 0.077 0.406 0.083 0.406 0.084 0.406 0.101 0.406 0.101 0.405 0.102 0.405 0.103 0.406 0.103 0.41 0.103 0.411 0.103 0.419 0.103 0.42 0.099 0.42 0.099 0.421 0.081 0.421 0.081 0.421 0.079 0.421 0.079 0.421 0.078 0.421 0.078 0.421 0.077 0.421 0.077 0.422 0.076 0.422 0.076 0.422 0.075 0.422 0.074 0.423 0.074 0.424 0.075 0.425 0.075 0.425 0.076 0.425 0.076 0.426 0.077 0.426 0.077 0.426 0.078 0.426 0.079 0.427 0.095 0.427 0.095 0.426 0.102 0.426 0.104 0.428 0.104 0.436 0.103 0.437 0.103 0.438 0.104 0.438 0.104 0.442 0.103 0.443 0.091 0.443 0.091 0.443 0.077 0.443 0.077 0.444 0.076 0.444 0.076 0.444 0.075 0.444 0.075 0.445 0.075 0.446 0.074 0.447 0.074 0.448 0.075 0.449 0.075 0.449 0.076 0.449 0.076 0.449 0.077 0.45 0.077 0.45 0.077 0.45 0.086 0.45 0.087 0.45 0.103 0.45 0.104 0.451 0.104 0.455 0.104 0.455 0.104 0.456 0.104 0.456 0.104 0.457 0.103 0.457 0.103 0.458 0.104 0.458 0.104 0.464 0.103 0.464 0.103 0.465 0.103 0.465 0.089 0.465 0.089 0.466 0.079 0.466 0.078 0.466 0.077 0.466 0.077 0.467 0.075 0.467 0.075 0.467 0.075 0.467 0.075 0.468 0.075 0.469 0.075 0.47 0.075 0.47 0.076 0.47 0.077 0.471 0.077 0.471 0.078 0.472 0.09 0.472 0.09 0.472 0.103 0.472 0.104 0.473 0.104 0.486 0.103 0.487 0.092 0.487 0.092 0.487 0.079 0.487 0.078 0.488 0.078 0.488 0.077 0.488 0.076 0.488 0.076 0.489 0.075 0.489 0.075 0.489 0.075 0.489 0.075 0.49 0.075 0.492 0.076 0.493 0.076 0.493 0.077 0.493 0.077 0.493 0.078 0.494 0.078 0.494 0.078 0.494 0.079 0.494 0.079 0.495 0.081 0.495 0.081 0.494 0.099 0.494 0.099 0.494 0.103 0.494 0.104 0.495 0.104 0.503 0.104 0.504 0.104 0.508 0.103 0.509 0.101 0.509 0.1 0.51 0.083 0.51 0.082 0.51 0.079 0.51 0.079 0.51 0.079 0.51 0.077 0.51 0.077 0.511 0.077 0.511 0.076 0.511 0.076 0.511 0.076 0.512 0.075 0.512 0.075 0.513 0.076 0.514 0.076 0.514 0.076 0.514 0.077 0.514 0.077 0.515 0.077 0.515 0.077 0.515 0.078 0.515 0.078 0.516 0.079 0.516 0.079 0.517 0.083 0.517 0.084 0.516 0.101 0.516 0.101 0.516 0.103 0.516 0.104 0.517 0.104 0.517 0.104 0.517 0.104 0.531 0.104 0.531 0.103 0.531 0.102 0.532 0.085 0.532 0.085 0.532 0.079 0.532 0.078 0.532 0.078 0.532 0.077 0.533 0.077 0.533 0.077 0.533 0.076 0.533 0.076 0.536 0.076 0.536 0.077 0.536 0.077 0.537 0.078 0.537 0.078 0.538 0.078 0.538 0.079 0.538 0.079 0.538 0.079 0.538 0.097 0.538 0.097 0.538 0.104 0.538 0.105 0.539 0.105 0.552 0.104 0.553 0.098 0.553 0.098 0.554 0.08 0.554 0.08 0.554 0.078 0.554 0.078 0.555 0.078 0.555 0.077 0.555 0.076 0.555 0.076 0.556 0.076 0.556 0.076 0.56 0.077 0.56 0.077 0.56 0.077 0.56 0.077 0.561 0.079 0.561 0.079 0.561 0.08 0.561 0.08 0.562 0.08 0.561 0.086 0.561 0.087 0.561 0.104 0.561 0.105 0.561 0.105 0.569 0.105 0.569 0.105 0.574 0.104 0.576 0.093 0.576 0.093 0.576 0.08 0.576 0.08 0.577 0.079 0.577 0.079 0.577 0.077 0.577 0.077 0.577 0.077 0.577 0.076 0.578 0.076 0.578 0.076 0.58 0.076 0.58 0.077 0.58 0.077 0.581 0.078 0.581 0.078 0.581 0.079 0.581 0.079 0.582 0.08 0.582 0.08 0.582 0.08 0.582 0.081 0.583 0.093 0.583 0.094 0.582 0.104 0.582 0.104 0.583 0.105 0.583 0.105 0.583 0.105 0.585 0.105 0.586 0.105 0.587 0.105 0.587 0.105 0.596 0.105 0.596 0.105 0.597 0.104 0.598 0.088 0.598 0.087 0.598 0.08 0.598 0.08 0.598 0.08 0.598 0.079 0.598 0.079 0.598 0.079 0.599 0.078 0.599 0.077 0.599 0.077 0.599 0.077 0.6 0.076 0.6 0.076 0.602 0.077 0.602 0.077 0.603 0.078 0.603 0.078 0.603 0.079 0.603 0.079 0.604 0.08 0.604 0.08 0.604 0.094 0.604 0.094 0.604 0.104 0.604 0.104 0.604 0.105 0.604 0.105 0.605 0.105 0.606 0.105 0.606 0.105 0.613 0.106 0.613 0.106 0.618 0.105 0.62 0.099 0.62 0.099 0.62 0.081 0.62 0.081 0.621 0.078 0.621 0.078 0.622 0.077 0.622 0.077 0.622 0.076 0.622 0.076 0.623 0.077 0.623 0.077 0.624 0.077 0.624 0.077 0.624 0.077 0.625 0.077 0.625 0.077 0.625 0.076 0.626 0.077 0.626 0.077 0.626 0.077 0.626 0.078 0.627 0.078 0.627 0.078 0.627 0.08 0.627 0.08 0.627 0.081 0.627 0.081 0.626 0.093 0.626 0.094 0.626 0.105 0.626 0.105 0.626 0.105 0.626 0.106 0.627 0.106 0.63 0.105 0.63 0.105 0.634 0.106 0.635 0.106 0.651 0.106 0.651 0.106 0.66 0.106 0.66 0.106 0.661 0.106 0.662 0.106 0.662 0.105 0.664 0.104 0.664 0.103 0.664 0.102 0.664 0.093 0.664 0.093 0.664 0.091 0.664 0.091 0.664 0.082 0.664 0.081 0.665 0.079 0.665 0.079 0.665 0.078 0.665 0.078 0.666 0.077 0.666 0.077 0.666 0.077 0.666 0.077 0.667 0.077 0.667 0.077 0.668 0.078 0.668 0.078 0.668 0.079 0.668 0.079 0.669 0.08 0.669 0.081 0.669 0.082 0.669 0.082 0.67 0.091 0.67 0.092 0.669 0.094 0.669 0.094 0.67 0.105 0.67 0.105 0.67 0.105 0.67 0.106 0.671 0.106 0.671 0.106 0.672 0.106 0.678 0.106 0.678 0.106 0.683 0.106 0.684 0.106 0.684 0.106 0.685 0.106 0.685 0.105 0.686 0.101 0.686 0.101 0.686 0.083 0.686 0.083 0.686 0.081 0.686 0.081 0.687 0.079 0.687 0.079 0.687 0.077 0.687 0.077 0.69 0.078 0.69 0.078 0.69 0.08 0.69 0.08 0.691 0.081 0.691 0.081 0.691 0.084 0.691 0.084 0.692 0.089 0.692 0.09 0.691 0.092 0.691 0.092 0.692 0.101 0.692 0.101 0.691 0.105 0.691 0.106 0.692 0.106 0.692 0.106 0.692 0.106 0.699 0.106 0.699 0.106 0.716 0.107 0.716 0.107 0.73 0.107 0.73 0.107 0.73 0.107 0.731 0.109 0.733 0.11 0.733 0.11 0.733 0.11 0.734 0.11 0.734 0.111 0.734 0.111 0.735 0.112 0.737 0.112 0.737 0.112 0.737 0.113 0.737 0.113 0.738 0.113 0.738 0.113 0.738 0.113 0.739 0.114 0.74 0.114 0.74 0.114 0.741 0.114 0.741 0.115 0.741 0.115 0.742 0.115 0.742 0.116 0.743 0.128 0.743 0.129 0.743 0.146 0.743 0.147 0.742 0.15 0.742 0.151 0.742 0.151 0.738 0.15 0.737 0.15 0.735 0.15 0.734 0.15 0.728 0.15 0.727 0.15 0.727 0.15 0.726 0.15 0.722 0.15 0.721 0.149 0.721 0.149 0.721 0.148 0.721 0.147 0.721 0.146 0.721 0.145 0.721 0.131 0.721 0.13 0.72 0.128 0.72 0.128 0.72 0.127 0.72 0.127 0.72 0.125 0.72 0.124 0.72 0.123 0.72 0.123 0.719 0.123 0.719 0.122 0.719 0.122 0.716 0.123 0.715 0.124 0.715 0.124 0.714 0.125 0.714 0.125 0.713 0.132 0.713 0.132 0.714 0.138 0.714 0.139 0.713 0.145 0.713 0.145 0.713 0.146 0.713 0.147 0.712 0.147 0.712 0.147 0.706 0.147 0.706 0.146 0.706 0.142 0.706 0.141 0.705 0.141 0.705 0.136 0.705 0.135 0.705 0.13 0.705 0.129 0.705 0.127 0.705 0.127 0.705 0.123 0.705 0.123 0.705 0.123 0.704 0.123 0.704 0.123 0.697 0.123 0.697 0.125 0.697 0.125 0.696 0.128 0.696 0.128 0.697 0.128 0.698 0.128 0.698 0.128 0.699 0.129 0.699 0.129 0.699 0.135 0.699 0.136 0.698 0.14 0.698 0.14 0.699 0.141 0.698 0.143 0.698 0.143 0.698 0.144 0.698 0.144 0.692 0.143 0.692 0.143 0.687 0.143 0.686 0.143 0.685 0.143 0.685 0.144 0.685 0.144 0.684 0.143 0.683 0.143 0.681 0.143 0.681 0.142 0.68 0.141 0.68 0.141 0.68 0.141 0.68 0.14 0.679 0.14 0.678 0.141 0.677 0.141 0.677 0.142 0.677 0.143 0.677 0.143 0.676 0.143 0.674 0.144 0.673 0.144 0.673 0.143 0.673 0.143 0.672 0.143 0.672 0.143 0.67 0.143 0.67 0.141 0.67 0.14 0.669 0.14 0.667 0.141 0.666 0.143 0.666 0.143 0.663 0.143 0.663 0.143 0.662 0.143 0.661 0.143 0.659 0.143 0.659 0.142 0.659 0.136 0.659 0.136 0.659 0.135 0.659 0.135 0.659 0.128 0.659 0.128 0.659 0.127 0.66 0.125 0.66 0.125 0.66 0.123 0.66 0.123 0.66 0.123 0.655 0.122 0.654 0.122 0.638 0.122 0.638 0.122 0.631 0.122 0.631 0.123 0.631 0.123 0.63 0.124 0.63 0.124 0.63 0.125 0.63 0.126 0.63 0.127 0.63 0.128 0.632 0.128 0.633 0.128 0.633 0.128 0.633 0.134 0.633 0.135 0.633 0.14 0.633 0.14 0.633 0.141 0.633 0.141 0.634 0.142 0.633 0.142 0.633 0.142 0.633 0.143 0.633 0.143 0.631 0.143 0.63 0.143 0.628 0.143 0.628 0.143 0.626 0.142 0.626 0.142 0.625 0.142 0.623 0.142 0.622 0.142 0.622 0.143 0.622 0.143 0.615 0.143 0.615 0.142 0.615 0.142 0.615 0.142 0.615 0.142 0.612 0.142 0.611 0.142 0.609 0.143 0.609 0.143 0.606 0.142 0.605 0.142 0.604 0.142 0.603 0.142 0.602 0.141 0.602 0.141 0.6 0.142 0.6 0.142 0.6 0.142 0.599 0.143 0.599 0.143 0.595 0.142 0.595 0.142 0.593 0.142 0.593 0.142 0.593 0.141 0.593 0.14 0.592 0.14 0.592 0.14 0.592 0.14 0.59 0.14 0.589 0.142 0.589 0.142 0.589 0.142 0.588 0.143 0.587 0.142 0.586 0.142 0.585 0.143 0.585 0.143 0.584 0.142 0.584 0.142 0.583 0.142 0.583 0.141 0.581 0.141 0.578 0.141 0.578 0.142 0.578 0.142 0.577 0.142 0.576 0.143 0.576 0.143 0.576 0.142 0.575 0.142 0.573 0.142 0.572 0.142 0.571 0.142 0.571 0.142 0.569 0.141 0.568 0.141 0.568 0.142 0.567 0.142 0.566 0.143 0.565 0.143 0.564 0.142 0.564 0.142 0.562 0.142 0.561 0.142 0.561 0.141 0.559 0.141 0.557 0.141 0.556 0.142 0.556 0.142 0.556 0.142 0.555 0.142 0.555 0.142 0.554 0.142 0.551 0.142 0.551 0.142 0.551 0.142 0.55 0.141 0.55 0.14 0.548 0.14 0.546 0.141 0.545 0.141 0.545 0.142 0.545 0.142 0.544 0.142 0.544 0.142 0.54 0.142 0.54 0.142 0.538 0.141 0.538 0.139 0.538 0.138 0.537 0.138 0.535 0.139 0.534 0.141 0.534 0.141 0.534 0.141 0.534 0.141 0.533 0.142 0.533 0.142 0.532 0.142 0.532 0.142 0.53 0.142 0.53 0.142 0.527 0.141 0.527 0.141 0.527 0.141 0.524 0.141 0.523 0.141 0.521 0.142 0.52 0.142 0.519 0.142 0.519 0.142 0.519 0.141 0.518 0.141 0.516 0.141 0.516 0.14 0.516 0.14 0.516 0.14 0.515 0.14 0.513 0.14 0.513 0.14 0.513 0.141 0.512 0.141 0.512 0.141 0.511 0.142 0.51 0.142 0.51 0.142 0.51 0.142 0.509 0.142 0.506 0.141 0.506 0.141 0.506 0.141 0.506 0.141 0.505 0.14 0.505 0.14 0.505 0.14 0.505 0.139 0.504 0.139 0.502 0.14 0.501 0.14 0.501 0.141 0.501 0.141 0.501 0.141 0.5 0.141 0.5 0.142 0.499 0.142 0.496 0.141 0.496 0.141 0.495 0.141 0.494 0.141 0.494 0.14 0.494 0.14 0.493 0.141 0.493 0.141 0.492 0.141 0.492 0.141 0.489 0.141 0.488 0.141 0.487 0.142 0.487 0.142 0.485 0.141 0.485 0.141 0.485 0.141 0.483 0.141 0.483 0.14 0.483 0.139 0.483 0.139 0.482 0.139 0.481 0.139 0.481 0.139 0.48 0.139 0.479 0.14 0.479 0.141 0.479 0.141 0.479 0.141 0.477 0.142 0.476 0.142 0.475 0.141 0.475 0.141 0.474 0.141 0.474 0.141 0.473 0.14 0.472 0.14 0.47 0.14 0.47 0.14 0.468 0.14 0.468 0.141 0.468 0.141 0.467 0.141 0.466 0.141 0.466 0.141 0.463 0.141 0.463 0.141 0.462 0.14 0.461 0.139 0.461 0.139 0.46 0.139 0.459 0.138 0.458 0.138 0.458 0.139 0.457 0.141 0.457 0.141 0.455 0.141 0.455 0.141 0.453 0.141 0.453 0.141 0.452 0.141 0.45 0.14 0.45 0.14 0.449 0.141 0.449 0.141 0.449 0.14 0.448 0.14 0.447 0.141 0.446 0.141 0.445 0.141 0.444 0.141 0.444 0.141 0.441 0.14 0.44 0.14 0.439 0.14 0.439 0.138 0.439 0.138 0.439 0.137 0.439 0.137 0.44 0.136 0.44 0.136 0.439 0.136 0.44 0.134 0.44 0.133 0.439 0.129 0.439 0.128 0.44 0.126 0.44 0.126 0.439 0.126 0.439 0.125 0.44 0.123 0.44 0.122 0.44 0.121 0.44 0.119 0.438 0.119 0.436 0.12 0.436 0.12 0.432 0.121 0.431 0.123 0.431 0.123 0.431 0.125 0.431 0.125 0.432 0.125 0.435 0.132 0.435 0.132 0.435 0.133 0.435 0.133 0.435 0.133 0.435 0.14 0.435 0.141 0.434 0.141 0.429 0.141 0.429 0.14 0.428 0.14 0.428 0.13 0.428 0.13 0.428 0.13 0.428 0.129 0.428 0.128 0.429 0.128 0.429 0.127 0.428 0.127 0.428 0.126 0.427 0.126 0.427 0.125 0.427 0.12 0.427 0.12 0.426 0.12 0.419 0.119 0.418 0.119 0.411 0.119 0.41 0.119 0.41 0.119 0.41 0.122 0.41 0.122 0.41 0.125 0.41 0.125 0.41 0.125 0.411 0.125 0.411 0.125 0.412 0.125 0.413 0.128 0.413 0.128 0.413 0.13 0.413 0.13 0.413 0.132 0.413 0.132 0.413 0.132 0.413 0.133 0.413 0.135 0.413 0.135 0.413 0.137 0.413 0.138 0.414 0.138 0.413 0.139 0.413 0.139 0.413 0.14 0.413 0.14 0.412 0.14 0.411 0.141 0.41 0.141 0.409 0.14 0.408 0.14 0.406 0.14 0.406 0.138 0.406 0.137 0.405 0.137 0.404 0.138 0.402 0.14 0.402 0.14 0.402 0.141 0.402 0.141 0.395 0.14 0.395 0.14 0.395 0.14 0.394 0.14 0.391 0.14 0.39 0.14 0.39 0.14 0.389 0.14 0.389 0.141 0.388 0.141 0.387 0.14 0.386 0.14 0.384 0.14 0.384 0.139 0.384 0.139 0.384 0.139 0.383 0.139 0.381 0.139 0.38 0.14 0.38 0.14 0.379 0.14 0.379 0.14 0.373 0.14 0.373 0.14 0.372 0.139 0.372 0.139 0.372 0.138 0.372 0.138 0.372 0.138 0.37 0.138 0.369 0.139 0.369 0.139 0.369 0.139 0.369 0.14 0.368 0.14 0.366 0.14 0.365 0.14 0.365 0.14 0.365 0.14 0.362 0.139 0.361 0.139 0.361 0.139 0.36 0.139 0.359 0.139 0.359 0.139 0.358 0.14 0.357 0.14 0.357 0.14 0.352 0.14 0.351 0.14 0.351 0.139 0.351 0.139 0.35 0.139 0.347 0.139 0.346 0.14 0.346 0.14 0.344 0.14 0.344 0.14 0.342 0.14 0.342 0.14 0.34 0.139 0.34 0.139 0.34 0.139 0.34 0.138 0.339 0.138 0.339 0.137 0.339 0.137 0.336 0.138 0.336 0.138 0.336 0.139 0.335 0.139 0.335 0.14 0.336 0.14 0.333 0.139 0.333 0.14 0.333 0.14 0.333 0.14 0.332 0.139 0.331 0.139 0.327 0.139 0.327 0.139 0.326 0.139 0.325 0.139 0.325 0.139 0.324 0.139 0.323 0.14 0.322 0.14 0.322 0.14 0.321 0.14 0.321 0.14 0.32 0.139 0.319 0.139 0.318 0.139 0.318 0.139 0.317 0.137 0.317 0.137 0.316 0.137 0.315 0.137 0.315 0.137 0.314 0.137 0.314 0.139 0.314 0.14 0.313 0.14 0.308 0.14 0.308 0.14 0.307 0.14 0.306 0.139 0.306 0.139 0.305 0.139 0.304 0.138 0.304 0.138 0.303 0.139 0.302 0.139 0.302 0.139 0.301 0.139 0.3 0.139 0.3 0.14 0.299 0.14 0.298 0.139 0.298 0.139 0.296 0.139 0.296 0.139 0.295 0.138 0.295 0.138 0.295 0.137 0.295 0.137 0.295 0.136 0.295 0.136 0.294 0.136 0.294 0.136 0.293 0.136 0.292 0.136 0.291 0.139 0.291 0.139 0.291 0.139 0.289 0.139 0.288 0.139 0.288 0.139 0.287 0.139 0.286 0.139 0.286 0.139 0.284 0.138 0.284 0.138 0.284 0.137 0.284 0.137 0.283 0.137 0.283 0.137 0.282 0.137 0.281 0.137 0.28 0.139 0.28 0.139 0.279 0.139 0.277 0.139 0.276 0.139 0.273 0.137 0.273 0.136 0.272 0.136 0.27 0.137 0.269 0.139 0.269 0.139 0.269 0.139 0.268 0.139 0.267 0.139 0.264 0.139 0.263 0.139 0.262 0.138 0.262 0.138 0.262 0.137 0.262 0.137 0.261 0.137 0.259 0.137 0.258 0.137 0.258 0.138 0.258 0.138 0.258 0.139 0.257 0.139 0.256 0.139 0.255 0.139 0.254 0.139 0.254 0.139 0.251 0.138 0.25 0.138 0.25 0.137 0.25 0.137 0.248 0.138 0.248 0.138 0.247 0.138 0.247 0.138 0.247 0.139 0.246 0.139 0.244 0.138 0.244 0.138 0.24 0.137 0.24 0.137 0.239 0.137 0.237 0.137 0.236 0.138 0.236 0.138 0.235 0.138 0.229 0.138 0.229 0.137 0.228 0.137 0.225 0.137 0.224 0.138 0.224 0.138 0.224 0.138 0.219 0.138 0.219 0.138 0.218 0.138 0.218 0.136 0.218 0.136 0.217 0.136 0.215 0.136 0.214 0.137 0.214 0.137 0.214 0.138 0.213 0.138 0.212 0.138 0.212 0.138 0.209 0.138 0.209 0.138 0.206 0.137 0.206 0.137 0.206 0.137 0.203 0.137 0.203 0.137 0.203 0.138 0.202 0.139 0.202 0.139 0.202 0.139 0.199 0.139 0.199 0.139 0.196 0.138 0.196 0.138 0.196 0.137 0.195 0.137 0.195 0.137 0.194 0.137 0.192 0.137 0.192 0.138 0.192 0.138 0.191 0.139 0.191 0.139 0.185 0.138 0.184 0.137 0.184 0.137 0.183 0.137 0.182 0.137 0.182 0.137 0.181 0.138 0.179 0.138 0.179 0.138 0.173 0.138 0.173 0.137 0.172 0.137 0.17 0.138 0.169 0.138 0.169 0.138 0.165 0.138 0.164 0.138 0.162 0.138 0.162 0.137 0.161 0.137 0.161 0.137 0.161 0.137 0.159 0.137 0.158 0.137 0.158 0.138 0.158 0.138 0.152 0.137 0.151 0.137 0.151 0.137 0.151 0.136 0.151 0.136 0.152 0.136 0.152 0.135 0.152 0.135 0.151 0.132 0.151 0.132 0.151 0.129 0.151 0.129 0.151 0.126 0.151 0.126 0.151 0.118 0.151 0.118 0.15 0.118 0.144 0.118 0.144 0.125 0.144 0.125 0.143 0.127 0.143 0.127 0.144 0.136 0.144 0.137 0.143 0.137 0.143 0.137 0.142 0.138 0.142 0.138 0.143 0.138 0.143 0.139 0.142 0.141 0.142 0.141 0.141 0.141 0.141 0.142 0.141 0.142 0.14 0.142 0.139 0.142 0.137 0.143 0.137 0.143 0.136 0.142 0.135 0.142 0.134 0.142 0.133 0.14 0.133 0.14 0.132 0.129 0.132 0.129 0.133 0.118 0.133 0.118 0.132 0.118 0.128 0.118 0.128 0.14 0.128 0.14 0.127 0.143 0.127 0.143 0.127 0.144 0.127 0.144 0.126 0.144 0.126 0.144 0.126 0.145 0.125 0.145 0.12 0.145 0.119 0.145 0.116 0.145 0.116 0.145 0.11 0.144 0.109 0.144 0.104 0.144 0.103 0.143 0.103 0.143 0.103 0.14 0.103 0.14 0.102 0.136 0.102 0.135 0.103 0.135 0.103 0.134 0.102 0.126 0.102 0.125 0.101 0.125 0.1 0.125 0.1
